(kicad_pcb (version 20171130) (host pcbnew 5.0.2+dfsg1-1)

  (general
    (thickness 1.6)
    (drawings 158)
    (tracks 0)
    (zones 0)
    (modules 27)
    (nets 145)
  )

  (page A4)
  (layers
    (0 F.Cu signal)
    (31 B.Cu signal)
    (32 B.Adhes user)
    (33 F.Adhes user)
    (34 B.Paste user)
    (35 F.Paste user)
    (36 B.SilkS user)
    (37 F.SilkS user)
    (38 B.Mask user)
    (39 F.Mask user)
    (40 Dwgs.User user)
    (41 Cmts.User user)
    (42 Eco1.User user)
    (43 Eco2.User user)
    (44 Edge.Cuts user)
    (45 Margin user)
    (46 B.CrtYd user)
    (47 F.CrtYd user)
    (48 B.Fab user)
    (49 F.Fab user)
  )

  (setup
    (last_trace_width 0.25)
    (trace_clearance 0.2)
    (zone_clearance 0.508)
    (zone_45_only no)
    (trace_min 0.2)
    (segment_width 0.2)
    (edge_width 0.15)
    (via_size 0.8)
    (via_drill 0.4)
    (via_min_size 0.4)
    (via_min_drill 0.3)
    (uvia_size 0.3)
    (uvia_drill 0.1)
    (uvias_allowed no)
    (uvia_min_size 0.2)
    (uvia_min_drill 0.1)
    (pcb_text_width 0.3)
    (pcb_text_size 1.5 1.5)
    (mod_edge_width 0.15)
    (mod_text_size 1 1)
    (mod_text_width 0.15)
    (pad_size 1.524 1.524)
    (pad_drill 0.762)
    (pad_to_mask_clearance 0.051)
    (solder_mask_min_width 0.25)
    (aux_axis_origin 0 0)
    (visible_elements FFFFFF7F)
    (pcbplotparams
      (layerselection 0x010fc_ffffffff)
      (usegerberextensions false)
      (usegerberattributes false)
      (usegerberadvancedattributes false)
      (creategerberjobfile false)
      (excludeedgelayer true)
      (linewidth 0.100000)
      (plotframeref false)
      (viasonmask false)
      (mode 1)
      (useauxorigin false)
      (hpglpennumber 1)
      (hpglpenspeed 20)
      (hpglpendiameter 15.000000)
      (psnegative false)
      (psa4output false)
      (plotreference true)
      (plotvalue true)
      (plotinvisibletext false)
      (padsonsilk false)
      (subtractmaskfromsilk false)
      (outputformat 1)
      (mirror false)
      (drillshape 1)
      (scaleselection 1)
      (outputdirectory ""))
  )

  (net 0 "")
  (net 1 /FREE)
  (net 2 /TX)
  (net 3 /RX)
  (net 4 /MISO)
  (net 5 /MOSI)
  (net 6 /SCK)
  (net 7 /A5)
  (net 8 /A4)
  (net 9 GND)
  (net 10 /AREF)
  (net 11 +3V3)
  (net 12 /~RST)
  (net 13 /SDA)
  (net 14 /SCL)
  (net 15 /EN)
  (net 16 /VBAT)
  (net 17 +48V)
  (net 18 /BATPWR)
  (net 19 /SOLPWR)
  (net 20 +24V)
  (net 21 "Net-(U2Solar1-Pad14)")
  (net 22 "Net-(U2Solar1-Pad15)")
  (net 23 "Net-(U2Solar1-Pad8)")
  (net 24 "Net-(U2Solar1-Pad6)")
  (net 25 "Net-(U2Solar1-Pad4)")
  (net 26 "Net-(U2Solar1-Pad3)")
  (net 27 "Net-(U1Batt1-Pad3)")
  (net 28 "Net-(U1Batt1-Pad4)")
  (net 29 "Net-(U1Batt1-Pad6)")
  (net 30 "Net-(U1Batt1-Pad8)")
  (net 31 "Net-(U1Batt1-Pad15)")
  (net 32 "Net-(U1Batt1-Pad14)")
  (net 33 "Net-(PS2-Pad5)")
  (net 34 +5V)
  (net 35 "Net-(PS2-Pad8)")
  (net 36 /VPIN)
  (net 37 /THHTR)
  (net 38 /THBAT)
  (net 39 "Net-(R5-Pad1)")
  (net 40 /POUT)
  (net 41 "Net-(U1-Pad4)")
  (net 42 /Eth3.3)
  (net 43 /VSSO)
  (net 44 /VSPO)
  (net 45 "Net-(J1-Pad1)")
  (net 46 "Net-(J3-Pad14)")
  (net 47 "Net-(J3-Pad12)")
  (net 48 "Net-(J3-Pad11)")
  (net 49 "Net-(J3-Pad10)")
  (net 50 "Net-(J3-Pad9)")
  (net 51 "Net-(J3-Pad8)")
  (net 52 "Net-(J3-Pad7)")
  (net 53 "Net-(J3-Pad6)")
  (net 54 "Net-(J3-Pad5)")
  (net 55 "Net-(J3-Pad4)")
  (net 56 "Net-(J3-Pad3)")
  (net 57 "Net-(J3-Pad2)")
  (net 58 "Net-(J3-Pad1)")
  (net 59 "Net-(J7-Pad1)")
  (net 60 "Net-(J7-Pad2)")
  (net 61 "Net-(J7-Pad3)")
  (net 62 "Net-(J7-Pad4)")
  (net 63 "Net-(J7-Pad5)")
  (net 64 /SOUT)
  (net 65 /SUSET)
  (net 66 /SSET)
  (net 67 "Net-(J7-Pad10)")
  (net 68 "Net-(J7-Pad11)")
  (net 69 "Net-(J7-Pad12)")
  (net 70 "Net-(J7-Pad13)")
  (net 71 "Net-(J7-Pad14)")
  (net 72 "Net-(J7-Pad15)")
  (net 73 "Net-(J9-Pad15)")
  (net 74 "Net-(J9-Pad14)")
  (net 75 "Net-(J9-Pad13)")
  (net 76 "Net-(J9-Pad12)")
  (net 77 "Net-(J9-Pad11)")
  (net 78 "Net-(J9-Pad10)")
  (net 79 /PSET)
  (net 80 /PUSET)
  (net 81 "Net-(J9-Pad5)")
  (net 82 "Net-(J9-Pad4)")
  (net 83 "Net-(J9-Pad3)")
  (net 84 "Net-(J9-Pad2)")
  (net 85 "Net-(J9-Pad1)")
  (net 86 "Net-(J5-Pad14)")
  (net 87 "Net-(J5-Pad12)")
  (net 88 "Net-(J5-Pad11)")
  (net 89 "Net-(J5-Pad10)")
  (net 90 "Net-(J5-Pad9)")
  (net 91 "Net-(J5-Pad8)")
  (net 92 "Net-(J5-Pad7)")
  (net 93 "Net-(J5-Pad3)")
  (net 94 "Net-(J5-Pad2)")
  (net 95 "Net-(J8-Pad1)")
  (net 96 "Net-(J8-Pad2)")
  (net 97 "Net-(J8-Pad3)")
  (net 98 "Net-(J8-Pad4)")
  (net 99 "Net-(J8-Pad5)")
  (net 100 "Net-(J8-Pad6)")
  (net 101 "Net-(J8-Pad7)")
  (net 102 "Net-(J8-Pad8)")
  (net 103 "Net-(J8-Pad9)")
  (net 104 "Net-(J8-Pad10)")
  (net 105 "Net-(J8-Pad11)")
  (net 106 "Net-(J8-Pad12)")
  (net 107 "Net-(J10-Pad12)")
  (net 108 "Net-(J10-Pad11)")
  (net 109 "Net-(J10-Pad10)")
  (net 110 "Net-(J10-Pad9)")
  (net 111 "Net-(J10-Pad8)")
  (net 112 "Net-(J10-Pad7)")
  (net 113 "Net-(J10-Pad6)")
  (net 114 "Net-(J10-Pad5)")
  (net 115 "Net-(J10-Pad4)")
  (net 116 "Net-(J10-Pad3)")
  (net 117 "Net-(J10-Pad2)")
  (net 118 "Net-(J10-Pad1)")
  (net 119 "Net-(J6-Pad12)")
  (net 120 "Net-(J6-Pad11)")
  (net 121 "Net-(J6-Pad10)")
  (net 122 "Net-(J6-Pad9)")
  (net 123 "Net-(J6-Pad8)")
  (net 124 "Net-(J6-Pad7)")
  (net 125 /CS)
  (net 126 "Net-(J6-Pad5)")
  (net 127 "Net-(J6-Pad4)")
  (net 128 "Net-(J6-Pad3)")
  (net 129 "Net-(J6-Pad2)")
  (net 130 "Net-(J6-Pad1)")
  (net 131 "Net-(J4-Pad12)")
  (net 132 "Net-(J4-Pad11)")
  (net 133 /HTEN)
  (net 134 "Net-(J4-Pad9)")
  (net 135 "Net-(J4-Pad8)")
  (net 136 "Net-(J4-Pad7)")
  (net 137 "Net-(J4-Pad6)")
  (net 138 "Net-(J4-Pad5)")
  (net 139 "Net-(J4-Pad4)")
  (net 140 "Net-(J4-Pad3)")
  (net 141 "Net-(J4-Pad2)")
  (net 142 "Net-(J4-Pad1)")
  (net 143 /ENCS)
  (net 144 "Net-(J11-Pad5)")

  (net_class Default "This is the default net class."
    (clearance 0.2)
    (trace_width 0.25)
    (via_dia 0.8)
    (via_drill 0.4)
    (uvia_dia 0.3)
    (uvia_drill 0.1)
    (add_net +24V)
    (add_net +3V3)
    (add_net +48V)
    (add_net +5V)
    (add_net /A4)
    (add_net /A5)
    (add_net /AREF)
    (add_net /BATPWR)
    (add_net /CS)
    (add_net /EN)
    (add_net /ENCS)
    (add_net /Eth3.3)
    (add_net /FREE)
    (add_net /HTEN)
    (add_net /MISO)
    (add_net /MOSI)
    (add_net /POUT)
    (add_net /PSET)
    (add_net /PUSET)
    (add_net /RX)
    (add_net /SCK)
    (add_net /SCL)
    (add_net /SDA)
    (add_net /SOLPWR)
    (add_net /SOUT)
    (add_net /SSET)
    (add_net /SUSET)
    (add_net /THBAT)
    (add_net /THHTR)
    (add_net /TX)
    (add_net /VBAT)
    (add_net /VPIN)
    (add_net /VSPO)
    (add_net /VSSO)
    (add_net /~RST)
    (add_net GND)
    (add_net "Net-(J1-Pad1)")
    (add_net "Net-(J10-Pad1)")
    (add_net "Net-(J10-Pad10)")
    (add_net "Net-(J10-Pad11)")
    (add_net "Net-(J10-Pad12)")
    (add_net "Net-(J10-Pad2)")
    (add_net "Net-(J10-Pad3)")
    (add_net "Net-(J10-Pad4)")
    (add_net "Net-(J10-Pad5)")
    (add_net "Net-(J10-Pad6)")
    (add_net "Net-(J10-Pad7)")
    (add_net "Net-(J10-Pad8)")
    (add_net "Net-(J10-Pad9)")
    (add_net "Net-(J11-Pad5)")
    (add_net "Net-(J3-Pad1)")
    (add_net "Net-(J3-Pad10)")
    (add_net "Net-(J3-Pad11)")
    (add_net "Net-(J3-Pad12)")
    (add_net "Net-(J3-Pad14)")
    (add_net "Net-(J3-Pad2)")
    (add_net "Net-(J3-Pad3)")
    (add_net "Net-(J3-Pad4)")
    (add_net "Net-(J3-Pad5)")
    (add_net "Net-(J3-Pad6)")
    (add_net "Net-(J3-Pad7)")
    (add_net "Net-(J3-Pad8)")
    (add_net "Net-(J3-Pad9)")
    (add_net "Net-(J4-Pad1)")
    (add_net "Net-(J4-Pad11)")
    (add_net "Net-(J4-Pad12)")
    (add_net "Net-(J4-Pad2)")
    (add_net "Net-(J4-Pad3)")
    (add_net "Net-(J4-Pad4)")
    (add_net "Net-(J4-Pad5)")
    (add_net "Net-(J4-Pad6)")
    (add_net "Net-(J4-Pad7)")
    (add_net "Net-(J4-Pad8)")
    (add_net "Net-(J4-Pad9)")
    (add_net "Net-(J5-Pad10)")
    (add_net "Net-(J5-Pad11)")
    (add_net "Net-(J5-Pad12)")
    (add_net "Net-(J5-Pad14)")
    (add_net "Net-(J5-Pad2)")
    (add_net "Net-(J5-Pad3)")
    (add_net "Net-(J5-Pad7)")
    (add_net "Net-(J5-Pad8)")
    (add_net "Net-(J5-Pad9)")
    (add_net "Net-(J6-Pad1)")
    (add_net "Net-(J6-Pad10)")
    (add_net "Net-(J6-Pad11)")
    (add_net "Net-(J6-Pad12)")
    (add_net "Net-(J6-Pad2)")
    (add_net "Net-(J6-Pad3)")
    (add_net "Net-(J6-Pad4)")
    (add_net "Net-(J6-Pad5)")
    (add_net "Net-(J6-Pad7)")
    (add_net "Net-(J6-Pad8)")
    (add_net "Net-(J6-Pad9)")
    (add_net "Net-(J7-Pad1)")
    (add_net "Net-(J7-Pad10)")
    (add_net "Net-(J7-Pad11)")
    (add_net "Net-(J7-Pad12)")
    (add_net "Net-(J7-Pad13)")
    (add_net "Net-(J7-Pad14)")
    (add_net "Net-(J7-Pad15)")
    (add_net "Net-(J7-Pad2)")
    (add_net "Net-(J7-Pad3)")
    (add_net "Net-(J7-Pad4)")
    (add_net "Net-(J7-Pad5)")
    (add_net "Net-(J8-Pad1)")
    (add_net "Net-(J8-Pad10)")
    (add_net "Net-(J8-Pad11)")
    (add_net "Net-(J8-Pad12)")
    (add_net "Net-(J8-Pad2)")
    (add_net "Net-(J8-Pad3)")
    (add_net "Net-(J8-Pad4)")
    (add_net "Net-(J8-Pad5)")
    (add_net "Net-(J8-Pad6)")
    (add_net "Net-(J8-Pad7)")
    (add_net "Net-(J8-Pad8)")
    (add_net "Net-(J8-Pad9)")
    (add_net "Net-(J9-Pad1)")
    (add_net "Net-(J9-Pad10)")
    (add_net "Net-(J9-Pad11)")
    (add_net "Net-(J9-Pad12)")
    (add_net "Net-(J9-Pad13)")
    (add_net "Net-(J9-Pad14)")
    (add_net "Net-(J9-Pad15)")
    (add_net "Net-(J9-Pad2)")
    (add_net "Net-(J9-Pad3)")
    (add_net "Net-(J9-Pad4)")
    (add_net "Net-(J9-Pad5)")
    (add_net "Net-(PS2-Pad5)")
    (add_net "Net-(PS2-Pad8)")
    (add_net "Net-(R5-Pad1)")
    (add_net "Net-(U1-Pad4)")
    (add_net "Net-(U1Batt1-Pad14)")
    (add_net "Net-(U1Batt1-Pad15)")
    (add_net "Net-(U1Batt1-Pad3)")
    (add_net "Net-(U1Batt1-Pad4)")
    (add_net "Net-(U1Batt1-Pad6)")
    (add_net "Net-(U1Batt1-Pad8)")
    (add_net "Net-(U2Solar1-Pad14)")
    (add_net "Net-(U2Solar1-Pad15)")
    (add_net "Net-(U2Solar1-Pad3)")
    (add_net "Net-(U2Solar1-Pad4)")
    (add_net "Net-(U2Solar1-Pad6)")
    (add_net "Net-(U2Solar1-Pad8)")
  )

  (module Capacitor_SMD:C_0805_2012Metric (layer F.Cu) (tedit 5B36C52B) (tstamp 602B3151)
    (at 152.4 100.33)
    (descr "Capacitor SMD 0805 (2012 Metric), square (rectangular) end terminal, IPC_7351 nominal, (Body size source: https://docs.google.com/spreadsheets/d/1BsfQQcO9C6DZCsRaXUlFlo91Tg2WpOkGARC1WS5S8t0/edit?usp=sharing), generated with kicad-footprint-generator")
    (tags capacitor)
    (path /60178CA6)
    (attr smd)
    (fp_text reference C3 (at 0 -1.65) (layer F.SilkS)
      (effects (font (size 1 1) (thickness 0.15)))
    )
    (fp_text value C1uF (at 0 1.65) (layer F.Fab)
      (effects (font (size 1 1) (thickness 0.15)))
    )
    (fp_line (start -1 0.6) (end -1 -0.6) (layer F.Fab) (width 0.1))
    (fp_line (start -1 -0.6) (end 1 -0.6) (layer F.Fab) (width 0.1))
    (fp_line (start 1 -0.6) (end 1 0.6) (layer F.Fab) (width 0.1))
    (fp_line (start 1 0.6) (end -1 0.6) (layer F.Fab) (width 0.1))
    (fp_line (start -0.258578 -0.71) (end 0.258578 -0.71) (layer F.SilkS) (width 0.12))
    (fp_line (start -0.258578 0.71) (end 0.258578 0.71) (layer F.SilkS) (width 0.12))
    (fp_line (start -1.68 0.95) (end -1.68 -0.95) (layer F.CrtYd) (width 0.05))
    (fp_line (start -1.68 -0.95) (end 1.68 -0.95) (layer F.CrtYd) (width 0.05))
    (fp_line (start 1.68 -0.95) (end 1.68 0.95) (layer F.CrtYd) (width 0.05))
    (fp_line (start 1.68 0.95) (end -1.68 0.95) (layer F.CrtYd) (width 0.05))
    (fp_text user %R (at 0 0) (layer F.Fab)
      (effects (font (size 0.5 0.5) (thickness 0.08)))
    )
    (pad 1 smd roundrect (at -0.9375 0) (size 0.975 1.4) (layers F.Cu F.Paste F.Mask) (roundrect_rratio 0.25)
      (net 42 /Eth3.3))
    (pad 2 smd roundrect (at 0.9375 0) (size 0.975 1.4) (layers F.Cu F.Paste F.Mask) (roundrect_rratio 0.25)
      (net 9 GND))
    (model ${KISYS3DMOD}/Capacitor_SMD.3dshapes/C_0805_2012Metric.wrl
      (at (xyz 0 0 0))
      (scale (xyz 1 1 1))
      (rotate (xyz 0 0 0))
    )
  )

  (module Capacitor_SMD:C_0805_2012Metric (layer F.Cu) (tedit 5B36C52B) (tstamp 602B3140)
    (at 148.59 88.9)
    (descr "Capacitor SMD 0805 (2012 Metric), square (rectangular) end terminal, IPC_7351 nominal, (Body size source: https://docs.google.com/spreadsheets/d/1BsfQQcO9C6DZCsRaXUlFlo91Tg2WpOkGARC1WS5S8t0/edit?usp=sharing), generated with kicad-footprint-generator")
    (tags capacitor)
    (path /601B844F)
    (attr smd)
    (fp_text reference C1 (at 0 -1.65) (layer F.SilkS)
      (effects (font (size 1 1) (thickness 0.15)))
    )
    (fp_text value C10uF (at 0 1.65) (layer F.Fab)
      (effects (font (size 1 1) (thickness 0.15)))
    )
    (fp_text user %R (at 0 0) (layer F.Fab)
      (effects (font (size 0.5 0.5) (thickness 0.08)))
    )
    (fp_line (start 1.68 0.95) (end -1.68 0.95) (layer F.CrtYd) (width 0.05))
    (fp_line (start 1.68 -0.95) (end 1.68 0.95) (layer F.CrtYd) (width 0.05))
    (fp_line (start -1.68 -0.95) (end 1.68 -0.95) (layer F.CrtYd) (width 0.05))
    (fp_line (start -1.68 0.95) (end -1.68 -0.95) (layer F.CrtYd) (width 0.05))
    (fp_line (start -0.258578 0.71) (end 0.258578 0.71) (layer F.SilkS) (width 0.12))
    (fp_line (start -0.258578 -0.71) (end 0.258578 -0.71) (layer F.SilkS) (width 0.12))
    (fp_line (start 1 0.6) (end -1 0.6) (layer F.Fab) (width 0.1))
    (fp_line (start 1 -0.6) (end 1 0.6) (layer F.Fab) (width 0.1))
    (fp_line (start -1 -0.6) (end 1 -0.6) (layer F.Fab) (width 0.1))
    (fp_line (start -1 0.6) (end -1 -0.6) (layer F.Fab) (width 0.1))
    (pad 2 smd roundrect (at 0.9375 0) (size 0.975 1.4) (layers F.Cu F.Paste F.Mask) (roundrect_rratio 0.25)
      (net 9 GND))
    (pad 1 smd roundrect (at -0.9375 0) (size 0.975 1.4) (layers F.Cu F.Paste F.Mask) (roundrect_rratio 0.25)
      (net 40 /POUT))
    (model ${KISYS3DMOD}/Capacitor_SMD.3dshapes/C_0805_2012Metric.wrl
      (at (xyz 0 0 0))
      (scale (xyz 1 1 1))
      (rotate (xyz 0 0 0))
    )
  )

  (module Capacitor_SMD:C_0805_2012Metric (layer F.Cu) (tedit 5B36C52B) (tstamp 602B312F)
    (at 144.78 95.25)
    (descr "Capacitor SMD 0805 (2012 Metric), square (rectangular) end terminal, IPC_7351 nominal, (Body size source: https://docs.google.com/spreadsheets/d/1BsfQQcO9C6DZCsRaXUlFlo91Tg2WpOkGARC1WS5S8t0/edit?usp=sharing), generated with kicad-footprint-generator")
    (tags capacitor)
    (path /60178C04)
    (attr smd)
    (fp_text reference C2 (at 0 -1.65) (layer F.SilkS)
      (effects (font (size 1 1) (thickness 0.15)))
    )
    (fp_text value C10uF (at 0 1.65) (layer F.Fab)
      (effects (font (size 1 1) (thickness 0.15)))
    )
    (fp_line (start -1 0.6) (end -1 -0.6) (layer F.Fab) (width 0.1))
    (fp_line (start -1 -0.6) (end 1 -0.6) (layer F.Fab) (width 0.1))
    (fp_line (start 1 -0.6) (end 1 0.6) (layer F.Fab) (width 0.1))
    (fp_line (start 1 0.6) (end -1 0.6) (layer F.Fab) (width 0.1))
    (fp_line (start -0.258578 -0.71) (end 0.258578 -0.71) (layer F.SilkS) (width 0.12))
    (fp_line (start -0.258578 0.71) (end 0.258578 0.71) (layer F.SilkS) (width 0.12))
    (fp_line (start -1.68 0.95) (end -1.68 -0.95) (layer F.CrtYd) (width 0.05))
    (fp_line (start -1.68 -0.95) (end 1.68 -0.95) (layer F.CrtYd) (width 0.05))
    (fp_line (start 1.68 -0.95) (end 1.68 0.95) (layer F.CrtYd) (width 0.05))
    (fp_line (start 1.68 0.95) (end -1.68 0.95) (layer F.CrtYd) (width 0.05))
    (fp_text user %R (at 0 0) (layer F.Fab)
      (effects (font (size 0.5 0.5) (thickness 0.08)))
    )
    (pad 1 smd roundrect (at -0.9375 0) (size 0.975 1.4) (layers F.Cu F.Paste F.Mask) (roundrect_rratio 0.25)
      (net 42 /Eth3.3))
    (pad 2 smd roundrect (at 0.9375 0) (size 0.975 1.4) (layers F.Cu F.Paste F.Mask) (roundrect_rratio 0.25)
      (net 9 GND))
    (model ${KISYS3DMOD}/Capacitor_SMD.3dshapes/C_0805_2012Metric.wrl
      (at (xyz 0 0 0))
      (scale (xyz 1 1 1))
      (rotate (xyz 0 0 0))
    )
  )

  (module Connector_PinHeader_2.54mm:PinHeader_1x05_P2.54mm_Vertical (layer F.Cu) (tedit 59FED5CC) (tstamp 602B311E)
    (at 147.32 48.26)
    (descr "Through hole straight pin header, 1x05, 2.54mm pitch, single row")
    (tags "Through hole pin header THT 1x05 2.54mm single row")
    (path /60127D8D)
    (fp_text reference J11 (at 0 -2.33) (layer F.SilkS)
      (effects (font (size 1 1) (thickness 0.15)))
    )
    (fp_text value Conn_01x05_RTC (at 0 12.49) (layer F.Fab)
      (effects (font (size 1 1) (thickness 0.15)))
    )
    (fp_line (start -0.635 -1.27) (end 1.27 -1.27) (layer F.Fab) (width 0.1))
    (fp_line (start 1.27 -1.27) (end 1.27 11.43) (layer F.Fab) (width 0.1))
    (fp_line (start 1.27 11.43) (end -1.27 11.43) (layer F.Fab) (width 0.1))
    (fp_line (start -1.27 11.43) (end -1.27 -0.635) (layer F.Fab) (width 0.1))
    (fp_line (start -1.27 -0.635) (end -0.635 -1.27) (layer F.Fab) (width 0.1))
    (fp_line (start -1.33 11.49) (end 1.33 11.49) (layer F.SilkS) (width 0.12))
    (fp_line (start -1.33 1.27) (end -1.33 11.49) (layer F.SilkS) (width 0.12))
    (fp_line (start 1.33 1.27) (end 1.33 11.49) (layer F.SilkS) (width 0.12))
    (fp_line (start -1.33 1.27) (end 1.33 1.27) (layer F.SilkS) (width 0.12))
    (fp_line (start -1.33 0) (end -1.33 -1.33) (layer F.SilkS) (width 0.12))
    (fp_line (start -1.33 -1.33) (end 0 -1.33) (layer F.SilkS) (width 0.12))
    (fp_line (start -1.8 -1.8) (end -1.8 11.95) (layer F.CrtYd) (width 0.05))
    (fp_line (start -1.8 11.95) (end 1.8 11.95) (layer F.CrtYd) (width 0.05))
    (fp_line (start 1.8 11.95) (end 1.8 -1.8) (layer F.CrtYd) (width 0.05))
    (fp_line (start 1.8 -1.8) (end -1.8 -1.8) (layer F.CrtYd) (width 0.05))
    (fp_text user %R (at 0 5.08 90) (layer F.Fab)
      (effects (font (size 1 1) (thickness 0.15)))
    )
    (pad 1 thru_hole rect (at 0 0) (size 1.7 1.7) (drill 1) (layers *.Cu *.Mask)
      (net 9 GND))
    (pad 2 thru_hole oval (at 0 2.54) (size 1.7 1.7) (drill 1) (layers *.Cu *.Mask)
      (net 36 /VPIN))
    (pad 3 thru_hole oval (at 0 5.08) (size 1.7 1.7) (drill 1) (layers *.Cu *.Mask)
      (net 13 /SDA))
    (pad 4 thru_hole oval (at 0 7.62) (size 1.7 1.7) (drill 1) (layers *.Cu *.Mask)
      (net 14 /SCL))
    (pad 5 thru_hole oval (at 0 10.16) (size 1.7 1.7) (drill 1) (layers *.Cu *.Mask)
      (net 144 "Net-(J11-Pad5)"))
    (model ${KISYS3DMOD}/Connector_PinHeader_2.54mm.3dshapes/PinHeader_1x05_P2.54mm_Vertical.wrl
      (at (xyz 0 0 0))
      (scale (xyz 1 1 1))
      (rotate (xyz 0 0 0))
    )
  )

  (module Converter_DCDC:Converter_DCDC_TRACO_TSR-1_THT (layer F.Cu) (tedit 59FE1FB7) (tstamp 602B2F79)
    (at 124.46 36.83)
    (descr "DCDC-Converter, TRACO, TSR 1-xxxx")
    (tags "DCDC-Converter TRACO TSR-1")
    (path /601BDF5C)
    (fp_text reference PS1 (at -1.5 -6.71) (layer F.SilkS)
      (effects (font (size 1 1) (thickness 0.15)))
    )
    (fp_text value TSR_1-2450 (at 2.5 3.25) (layer F.Fab)
      (effects (font (size 1 1) (thickness 0.15)))
    )
    (fp_text user %R (at 3 -3) (layer F.Fab)
      (effects (font (size 1 1) (thickness 0.15)))
    )
    (fp_line (start -3.75 2.45) (end -1.42 2.45) (layer F.SilkS) (width 0.12))
    (fp_line (start -3.75 0) (end -3.75 2.45) (layer F.SilkS) (width 0.12))
    (fp_line (start -3.3 1) (end -2.3 2) (layer F.Fab) (width 0.1))
    (fp_line (start -3.3 1) (end -3.3 -5.6) (layer F.Fab) (width 0.1))
    (fp_line (start 8.4 2) (end 8.4 -5.6) (layer F.Fab) (width 0.1))
    (fp_line (start -3.3 -5.6) (end 8.4 -5.6) (layer F.Fab) (width 0.1))
    (fp_line (start -3.55 2.25) (end -3.55 -5.85) (layer F.CrtYd) (width 0.05))
    (fp_line (start 8.65 2.25) (end -3.55 2.25) (layer F.CrtYd) (width 0.05))
    (fp_line (start 8.65 -5.85) (end 8.65 2.25) (layer F.CrtYd) (width 0.05))
    (fp_line (start -3.55 -5.85) (end 8.65 -5.85) (layer F.CrtYd) (width 0.05))
    (fp_line (start 8.52 2.12) (end -3.42 2.12) (layer F.SilkS) (width 0.12))
    (fp_line (start 8.52 -5.73) (end 8.52 2.12) (layer F.SilkS) (width 0.12))
    (fp_line (start -3.42 -5.73) (end 8.52 -5.73) (layer F.SilkS) (width 0.12))
    (fp_line (start -3.42 2.12) (end -3.42 -5.73) (layer F.SilkS) (width 0.12))
    (fp_line (start -2.3 2) (end 8.4 2) (layer F.Fab) (width 0.1))
    (pad 1 thru_hole rect (at 0 0) (size 1.5 2.5) (drill 1) (layers *.Cu *.Mask)
      (net 19 /SOLPWR))
    (pad 2 thru_hole oval (at 2.54 0) (size 1.5 2.5) (drill 1) (layers *.Cu *.Mask)
      (net 9 GND))
    (pad 3 thru_hole oval (at 5.08 0) (size 1.5 2.5) (drill 1) (layers *.Cu *.Mask)
      (net 34 +5V))
    (model ${KISYS3DMOD}/Converter_DCDC.3dshapes/Converter_DCDC_TRACO_TSR-1_THT.wrl
      (at (xyz 0 0 0))
      (scale (xyz 1 1 1))
      (rotate (xyz 0 0 0))
    )
  )

  (module Package_TO_SOT_SMD:SOT-23-5 (layer F.Cu) (tedit 5A02FF57) (tstamp 602B2F62)
    (at 113.03 85.09)
    (descr "5-pin SOT23 package")
    (tags SOT-23-5)
    (path /60178915)
    (attr smd)
    (fp_text reference U1 (at 0 -2.9) (layer F.SilkS)
      (effects (font (size 1 1) (thickness 0.15)))
    )
    (fp_text value SPX3819M5-L-3-3 (at 0 2.9) (layer F.Fab)
      (effects (font (size 1 1) (thickness 0.15)))
    )
    (fp_text user %R (at 0 0 90) (layer F.Fab)
      (effects (font (size 0.5 0.5) (thickness 0.075)))
    )
    (fp_line (start -0.9 1.61) (end 0.9 1.61) (layer F.SilkS) (width 0.12))
    (fp_line (start 0.9 -1.61) (end -1.55 -1.61) (layer F.SilkS) (width 0.12))
    (fp_line (start -1.9 -1.8) (end 1.9 -1.8) (layer F.CrtYd) (width 0.05))
    (fp_line (start 1.9 -1.8) (end 1.9 1.8) (layer F.CrtYd) (width 0.05))
    (fp_line (start 1.9 1.8) (end -1.9 1.8) (layer F.CrtYd) (width 0.05))
    (fp_line (start -1.9 1.8) (end -1.9 -1.8) (layer F.CrtYd) (width 0.05))
    (fp_line (start -0.9 -0.9) (end -0.25 -1.55) (layer F.Fab) (width 0.1))
    (fp_line (start 0.9 -1.55) (end -0.25 -1.55) (layer F.Fab) (width 0.1))
    (fp_line (start -0.9 -0.9) (end -0.9 1.55) (layer F.Fab) (width 0.1))
    (fp_line (start 0.9 1.55) (end -0.9 1.55) (layer F.Fab) (width 0.1))
    (fp_line (start 0.9 -1.55) (end 0.9 1.55) (layer F.Fab) (width 0.1))
    (pad 1 smd rect (at -1.1 -0.95) (size 1.06 0.65) (layers F.Cu F.Paste F.Mask)
      (net 40 /POUT))
    (pad 2 smd rect (at -1.1 0) (size 1.06 0.65) (layers F.Cu F.Paste F.Mask)
      (net 9 GND))
    (pad 3 smd rect (at -1.1 0.95) (size 1.06 0.65) (layers F.Cu F.Paste F.Mask)
      (net 39 "Net-(R5-Pad1)"))
    (pad 4 smd rect (at 1.1 0.95) (size 1.06 0.65) (layers F.Cu F.Paste F.Mask)
      (net 41 "Net-(U1-Pad4)"))
    (pad 5 smd rect (at 1.1 -0.95) (size 1.06 0.65) (layers F.Cu F.Paste F.Mask)
      (net 42 /Eth3.3))
    (model ${KISYS3DMOD}/Package_TO_SOT_SMD.3dshapes/SOT-23-5.wrl
      (at (xyz 0 0 0))
      (scale (xyz 1 1 1))
      (rotate (xyz 0 0 0))
    )
  )

  (module Resistor_SMD:R_0805_2012Metric (layer F.Cu) (tedit 5B36C52B) (tstamp 602B2F4D)
    (at 163.83 66.04)
    (descr "Resistor SMD 0805 (2012 Metric), square (rectangular) end terminal, IPC_7351 nominal, (Body size source: https://docs.google.com/spreadsheets/d/1BsfQQcO9C6DZCsRaXUlFlo91Tg2WpOkGARC1WS5S8t0/edit?usp=sharing), generated with kicad-footprint-generator")
    (tags resistor)
    (path /601A923F)
    (attr smd)
    (fp_text reference R5 (at 0 -1.65) (layer F.SilkS)
      (effects (font (size 1 1) (thickness 0.15)))
    )
    (fp_text value 100K (at 0 1.65) (layer F.Fab)
      (effects (font (size 1 1) (thickness 0.15)))
    )
    (fp_line (start -1 0.6) (end -1 -0.6) (layer F.Fab) (width 0.1))
    (fp_line (start -1 -0.6) (end 1 -0.6) (layer F.Fab) (width 0.1))
    (fp_line (start 1 -0.6) (end 1 0.6) (layer F.Fab) (width 0.1))
    (fp_line (start 1 0.6) (end -1 0.6) (layer F.Fab) (width 0.1))
    (fp_line (start -0.258578 -0.71) (end 0.258578 -0.71) (layer F.SilkS) (width 0.12))
    (fp_line (start -0.258578 0.71) (end 0.258578 0.71) (layer F.SilkS) (width 0.12))
    (fp_line (start -1.68 0.95) (end -1.68 -0.95) (layer F.CrtYd) (width 0.05))
    (fp_line (start -1.68 -0.95) (end 1.68 -0.95) (layer F.CrtYd) (width 0.05))
    (fp_line (start 1.68 -0.95) (end 1.68 0.95) (layer F.CrtYd) (width 0.05))
    (fp_line (start 1.68 0.95) (end -1.68 0.95) (layer F.CrtYd) (width 0.05))
    (fp_text user %R (at 0 0) (layer F.Fab)
      (effects (font (size 0.5 0.5) (thickness 0.08)))
    )
    (pad 1 smd roundrect (at -0.9375 0) (size 0.975 1.4) (layers F.Cu F.Paste F.Mask) (roundrect_rratio 0.25)
      (net 39 "Net-(R5-Pad1)"))
    (pad 2 smd roundrect (at 0.9375 0) (size 0.975 1.4) (layers F.Cu F.Paste F.Mask) (roundrect_rratio 0.25)
      (net 40 /POUT))
    (model ${KISYS3DMOD}/Resistor_SMD.3dshapes/R_0805_2012Metric.wrl
      (at (xyz 0 0 0))
      (scale (xyz 1 1 1))
      (rotate (xyz 0 0 0))
    )
  )

  (module Resistor_SMD:R_0805_2012Metric (layer F.Cu) (tedit 5B36C52B) (tstamp 602B2F3C)
    (at 135.89 106.68)
    (descr "Resistor SMD 0805 (2012 Metric), square (rectangular) end terminal, IPC_7351 nominal, (Body size source: https://docs.google.com/spreadsheets/d/1BsfQQcO9C6DZCsRaXUlFlo91Tg2WpOkGARC1WS5S8t0/edit?usp=sharing), generated with kicad-footprint-generator")
    (tags resistor)
    (path /6013ED4E)
    (attr smd)
    (fp_text reference R4 (at 0 -1.65) (layer F.SilkS)
      (effects (font (size 1 1) (thickness 0.15)))
    )
    (fp_text value R10k (at 0 1.65) (layer F.Fab)
      (effects (font (size 1 1) (thickness 0.15)))
    )
    (fp_text user %R (at 0 0) (layer F.Fab)
      (effects (font (size 0.5 0.5) (thickness 0.08)))
    )
    (fp_line (start 1.68 0.95) (end -1.68 0.95) (layer F.CrtYd) (width 0.05))
    (fp_line (start 1.68 -0.95) (end 1.68 0.95) (layer F.CrtYd) (width 0.05))
    (fp_line (start -1.68 -0.95) (end 1.68 -0.95) (layer F.CrtYd) (width 0.05))
    (fp_line (start -1.68 0.95) (end -1.68 -0.95) (layer F.CrtYd) (width 0.05))
    (fp_line (start -0.258578 0.71) (end 0.258578 0.71) (layer F.SilkS) (width 0.12))
    (fp_line (start -0.258578 -0.71) (end 0.258578 -0.71) (layer F.SilkS) (width 0.12))
    (fp_line (start 1 0.6) (end -1 0.6) (layer F.Fab) (width 0.1))
    (fp_line (start 1 -0.6) (end 1 0.6) (layer F.Fab) (width 0.1))
    (fp_line (start -1 -0.6) (end 1 -0.6) (layer F.Fab) (width 0.1))
    (fp_line (start -1 0.6) (end -1 -0.6) (layer F.Fab) (width 0.1))
    (pad 2 smd roundrect (at 0.9375 0) (size 0.975 1.4) (layers F.Cu F.Paste F.Mask) (roundrect_rratio 0.25)
      (net 38 /THBAT))
    (pad 1 smd roundrect (at -0.9375 0) (size 0.975 1.4) (layers F.Cu F.Paste F.Mask) (roundrect_rratio 0.25)
      (net 36 /VPIN))
    (model ${KISYS3DMOD}/Resistor_SMD.3dshapes/R_0805_2012Metric.wrl
      (at (xyz 0 0 0))
      (scale (xyz 1 1 1))
      (rotate (xyz 0 0 0))
    )
  )

  (module Resistor_SMD:R_0805_2012Metric (layer F.Cu) (tedit 5B36C52B) (tstamp 602B2F2B)
    (at 123.19 109.22)
    (descr "Resistor SMD 0805 (2012 Metric), square (rectangular) end terminal, IPC_7351 nominal, (Body size source: https://docs.google.com/spreadsheets/d/1BsfQQcO9C6DZCsRaXUlFlo91Tg2WpOkGARC1WS5S8t0/edit?usp=sharing), generated with kicad-footprint-generator")
    (tags resistor)
    (path /6013ECC6)
    (attr smd)
    (fp_text reference R3 (at 0 -1.65) (layer F.SilkS)
      (effects (font (size 1 1) (thickness 0.15)))
    )
    (fp_text value R10k (at 0 1.65) (layer F.Fab)
      (effects (font (size 1 1) (thickness 0.15)))
    )
    (fp_line (start -1 0.6) (end -1 -0.6) (layer F.Fab) (width 0.1))
    (fp_line (start -1 -0.6) (end 1 -0.6) (layer F.Fab) (width 0.1))
    (fp_line (start 1 -0.6) (end 1 0.6) (layer F.Fab) (width 0.1))
    (fp_line (start 1 0.6) (end -1 0.6) (layer F.Fab) (width 0.1))
    (fp_line (start -0.258578 -0.71) (end 0.258578 -0.71) (layer F.SilkS) (width 0.12))
    (fp_line (start -0.258578 0.71) (end 0.258578 0.71) (layer F.SilkS) (width 0.12))
    (fp_line (start -1.68 0.95) (end -1.68 -0.95) (layer F.CrtYd) (width 0.05))
    (fp_line (start -1.68 -0.95) (end 1.68 -0.95) (layer F.CrtYd) (width 0.05))
    (fp_line (start 1.68 -0.95) (end 1.68 0.95) (layer F.CrtYd) (width 0.05))
    (fp_line (start 1.68 0.95) (end -1.68 0.95) (layer F.CrtYd) (width 0.05))
    (fp_text user %R (at 0 0) (layer F.Fab)
      (effects (font (size 0.5 0.5) (thickness 0.08)))
    )
    (pad 1 smd roundrect (at -0.9375 0) (size 0.975 1.4) (layers F.Cu F.Paste F.Mask) (roundrect_rratio 0.25)
      (net 36 /VPIN))
    (pad 2 smd roundrect (at 0.9375 0) (size 0.975 1.4) (layers F.Cu F.Paste F.Mask) (roundrect_rratio 0.25)
      (net 37 /THHTR))
    (model ${KISYS3DMOD}/Resistor_SMD.3dshapes/R_0805_2012Metric.wrl
      (at (xyz 0 0 0))
      (scale (xyz 1 1 1))
      (rotate (xyz 0 0 0))
    )
  )

  (module Resistor_SMD:R_0805_2012Metric (layer F.Cu) (tedit 5B36C52B) (tstamp 602B2F1A)
    (at 129.54 104.14)
    (descr "Resistor SMD 0805 (2012 Metric), square (rectangular) end terminal, IPC_7351 nominal, (Body size source: https://docs.google.com/spreadsheets/d/1BsfQQcO9C6DZCsRaXUlFlo91Tg2WpOkGARC1WS5S8t0/edit?usp=sharing), generated with kicad-footprint-generator")
    (tags resistor)
    (path /6011E672)
    (attr smd)
    (fp_text reference R1 (at 0 -1.65) (layer F.SilkS)
      (effects (font (size 1 1) (thickness 0.15)))
    )
    (fp_text value R2k (at 0 1.65) (layer F.Fab)
      (effects (font (size 1 1) (thickness 0.15)))
    )
    (fp_text user %R (at 0 0) (layer F.Fab)
      (effects (font (size 0.5 0.5) (thickness 0.08)))
    )
    (fp_line (start 1.68 0.95) (end -1.68 0.95) (layer F.CrtYd) (width 0.05))
    (fp_line (start 1.68 -0.95) (end 1.68 0.95) (layer F.CrtYd) (width 0.05))
    (fp_line (start -1.68 -0.95) (end 1.68 -0.95) (layer F.CrtYd) (width 0.05))
    (fp_line (start -1.68 0.95) (end -1.68 -0.95) (layer F.CrtYd) (width 0.05))
    (fp_line (start -0.258578 0.71) (end 0.258578 0.71) (layer F.SilkS) (width 0.12))
    (fp_line (start -0.258578 -0.71) (end 0.258578 -0.71) (layer F.SilkS) (width 0.12))
    (fp_line (start 1 0.6) (end -1 0.6) (layer F.Fab) (width 0.1))
    (fp_line (start 1 -0.6) (end 1 0.6) (layer F.Fab) (width 0.1))
    (fp_line (start -1 -0.6) (end 1 -0.6) (layer F.Fab) (width 0.1))
    (fp_line (start -1 0.6) (end -1 -0.6) (layer F.Fab) (width 0.1))
    (pad 2 smd roundrect (at 0.9375 0) (size 0.975 1.4) (layers F.Cu F.Paste F.Mask) (roundrect_rratio 0.25)
      (net 14 /SCL))
    (pad 1 smd roundrect (at -0.9375 0) (size 0.975 1.4) (layers F.Cu F.Paste F.Mask) (roundrect_rratio 0.25)
      (net 11 +3V3))
    (model ${KISYS3DMOD}/Resistor_SMD.3dshapes/R_0805_2012Metric.wrl
      (at (xyz 0 0 0))
      (scale (xyz 1 1 1))
      (rotate (xyz 0 0 0))
    )
  )

  (module Resistor_SMD:R_0805_2012Metric (layer F.Cu) (tedit 5B36C52B) (tstamp 602B2F09)
    (at 114.515001 100.275001)
    (descr "Resistor SMD 0805 (2012 Metric), square (rectangular) end terminal, IPC_7351 nominal, (Body size source: https://docs.google.com/spreadsheets/d/1BsfQQcO9C6DZCsRaXUlFlo91Tg2WpOkGARC1WS5S8t0/edit?usp=sharing), generated with kicad-footprint-generator")
    (tags resistor)
    (path /6011E72E)
    (attr smd)
    (fp_text reference R2 (at 0 -1.65) (layer F.SilkS)
      (effects (font (size 1 1) (thickness 0.15)))
    )
    (fp_text value R2k (at 0 1.65) (layer F.Fab)
      (effects (font (size 1 1) (thickness 0.15)))
    )
    (fp_line (start -1 0.6) (end -1 -0.6) (layer F.Fab) (width 0.1))
    (fp_line (start -1 -0.6) (end 1 -0.6) (layer F.Fab) (width 0.1))
    (fp_line (start 1 -0.6) (end 1 0.6) (layer F.Fab) (width 0.1))
    (fp_line (start 1 0.6) (end -1 0.6) (layer F.Fab) (width 0.1))
    (fp_line (start -0.258578 -0.71) (end 0.258578 -0.71) (layer F.SilkS) (width 0.12))
    (fp_line (start -0.258578 0.71) (end 0.258578 0.71) (layer F.SilkS) (width 0.12))
    (fp_line (start -1.68 0.95) (end -1.68 -0.95) (layer F.CrtYd) (width 0.05))
    (fp_line (start -1.68 -0.95) (end 1.68 -0.95) (layer F.CrtYd) (width 0.05))
    (fp_line (start 1.68 -0.95) (end 1.68 0.95) (layer F.CrtYd) (width 0.05))
    (fp_line (start 1.68 0.95) (end -1.68 0.95) (layer F.CrtYd) (width 0.05))
    (fp_text user %R (at 0 0) (layer F.Fab)
      (effects (font (size 0.5 0.5) (thickness 0.08)))
    )
    (pad 1 smd roundrect (at -0.9375 0) (size 0.975 1.4) (layers F.Cu F.Paste F.Mask) (roundrect_rratio 0.25)
      (net 11 +3V3))
    (pad 2 smd roundrect (at 0.9375 0) (size 0.975 1.4) (layers F.Cu F.Paste F.Mask) (roundrect_rratio 0.25)
      (net 13 /SDA))
    (model ${KISYS3DMOD}/Resistor_SMD.3dshapes/R_0805_2012Metric.wrl
      (at (xyz 0 0 0))
      (scale (xyz 1 1 1))
      (rotate (xyz 0 0 0))
    )
  )

  (module TEC_2:TEC24811 (layer F.Cu) (tedit 6019FD35) (tstamp 602B2EF8)
    (at 80.01 81.28)
    (descr "<b>TEC 2-4811-2</b><br>")
    (path /601D750D)
    (fp_text reference PS2 (at 8.9 0.987) (layer F.SilkS)
      (effects (font (size 1 1) (thickness 0.015)))
    )
    (fp_text value TEC_2-2411 (at 8.9 0.987) (layer F.Fab)
      (effects (font (size 1 1) (thickness 0.015)))
    )
    (fp_line (start -2 5.775) (end 19.8 5.775) (layer F.Fab) (width 0.2))
    (fp_line (start 19.8 5.775) (end 19.8 -3.325) (layer F.Fab) (width 0.2))
    (fp_line (start 19.8 -3.325) (end -2 -3.325) (layer F.Fab) (width 0.2))
    (fp_line (start -2 -3.325) (end -2 5.775) (layer F.Fab) (width 0.2))
    (fp_line (start -2 5.775) (end 19.8 5.775) (layer F.SilkS) (width 0.1))
    (fp_line (start 19.8 5.775) (end 19.8 -3.325) (layer F.SilkS) (width 0.1))
    (fp_line (start 19.8 -3.325) (end -2 -3.325) (layer F.SilkS) (width 0.1))
    (fp_line (start -2 -3.325) (end -2 5.775) (layer F.SilkS) (width 0.1))
    (fp_line (start -3 6.775) (end 20.8 6.775) (layer F.Fab) (width 0.1))
    (fp_line (start 20.8 6.775) (end 20.8 -4.8) (layer F.Fab) (width 0.1))
    (fp_line (start 20.8 -4.8) (end -3 -4.8) (layer F.Fab) (width 0.1))
    (fp_line (start -3 -4.8) (end -3 6.775) (layer F.Fab) (width 0.1))
    (fp_line (start 0 -3.7) (end 0 -3.7) (layer F.SilkS) (width 0.1))
    (fp_arc (start 0 -3.75) (end 0 -3.8) (angle -180) (layer F.SilkS) (width 0.1))
    (fp_line (start 0 -3.8) (end 0 -3.8) (layer F.SilkS) (width 0.1))
    (fp_arc (start 0 -3.75) (end 0 -3.7) (angle -180) (layer F.SilkS) (width 0.1))
    (pad 1 thru_hole circle (at 0 0) (size 1.303 1.303) (drill 0.76) (layers *.Cu *.Mask)
      (net 9 GND))
    (pad 2 thru_hole circle (at 2.54 0) (size 1.303 1.303) (drill 0.76) (layers *.Cu *.Mask)
      (net 18 /BATPWR))
    (pad 3 thru_hole circle (at 5.08 0) (size 1.303 1.303) (drill 0.76) (layers *.Cu *.Mask)
      (net 8 /A4))
    (pad 5 thru_hole circle (at 10.16 0) (size 1.303 1.303) (drill 0.76) (layers *.Cu *.Mask)
      (net 33 "Net-(PS2-Pad5)"))
    (pad 6 thru_hole circle (at 12.7 0) (size 1.303 1.303) (drill 0.76) (layers *.Cu *.Mask)
      (net 34 +5V))
    (pad 7 thru_hole circle (at 15.24 0) (size 1.303 1.303) (drill 0.76) (layers *.Cu *.Mask)
      (net 9 GND))
    (pad 8 thru_hole circle (at 17.78 0) (size 1.303 1.303) (drill 0.76) (layers *.Cu *.Mask)
      (net 35 "Net-(PS2-Pad8)"))
  )

  (module eec:Linear_Technology-LTC4151CS-2PBF-Level_B (layer F.Cu) (tedit 5EF0D22D) (tstamp 602B2EDD)
    (at 158.75 53.34)
    (path /600DF30E)
    (fp_text reference U1Batt1 (at -4.75 -5.920002) (layer F.SilkS)
      (effects (font (size 1 1) (thickness 0.15)) (justify left))
    )
    (fp_text value LTC4151CS-2PBF (at 0 0) (layer F.SilkS)
      (effects (font (size 1.27 1.27) (thickness 0.15)))
    )
    (fp_line (start 3.675001 5.225) (end 3.675001 -5.225) (layer F.CrtYd) (width 0.15))
    (fp_line (start -3.674999 5.225) (end 3.675001 5.225) (layer F.CrtYd) (width 0.15))
    (fp_line (start -3.674999 -5.225) (end -3.674999 5.225) (layer F.CrtYd) (width 0.15))
    (fp_line (start 3.675001 -5.225) (end -3.674999 -5.225) (layer F.CrtYd) (width 0.15))
    (fp_line (start 3.675001 -5.225) (end 3.675001 -5.225) (layer F.CrtYd) (width 0.15))
    (fp_line (start -2.000001 5) (end -2.000001 -5) (layer F.Fab) (width 0.1))
    (fp_line (start 1.999999 5) (end 1.999999 -5) (layer F.Fab) (width 0.1))
    (fp_line (start -2.000001 -5) (end 1.999999 -5) (layer F.Fab) (width 0.1))
    (fp_line (start -2.000001 5) (end 1.999999 5) (layer F.Fab) (width 0.1))
    (fp_line (start -0.900001 5) (end -0.900001 -5) (layer F.SilkS) (width 0.15))
    (fp_line (start 0.900001 5) (end 0.900001 -5) (layer F.SilkS) (width 0.15))
    (fp_line (start -0.900001 -5) (end 0.900001 -5) (layer F.SilkS) (width 0.15))
    (fp_line (start -0.900001 5) (end 0.900001 5) (layer F.SilkS) (width 0.15))
    (fp_circle (center -1.1 -4.099999) (end -0.600001 -4.099999) (layer F.Fab) (width 0.1))
    (fp_circle (center -2.4 -5.295001) (end -2.274999 -5.295001) (layer F.SilkS) (width 0.249999))
    (pad 1 smd roundrect (at -2.4 -4.445 270) (size 0.599999 2.200001) (layers F.Cu F.Paste F.Mask) (roundrect_rratio 0.5)
      (net 17 +48V))
    (pad 2 smd roundrect (at -2.4 -3.175 270) (size 0.599999 2.200001) (layers F.Cu F.Paste F.Mask) (roundrect_rratio 0.5)
      (net 17 +48V))
    (pad 3 smd roundrect (at -2.4 -1.905 270) (size 0.599999 2.200001) (layers F.Cu F.Paste F.Mask) (roundrect_rratio 0.5)
      (net 27 "Net-(U1Batt1-Pad3)"))
    (pad 4 smd roundrect (at -2.4 -0.635 270) (size 0.599999 2.200001) (layers F.Cu F.Paste F.Mask) (roundrect_rratio 0.5)
      (net 28 "Net-(U1Batt1-Pad4)"))
    (pad 5 smd roundrect (at -2.4 0.635 270) (size 0.599999 2.200001) (layers F.Cu F.Paste F.Mask) (roundrect_rratio 0.5)
      (net 9 GND))
    (pad 6 smd roundrect (at -2.4 1.905 270) (size 0.599999 2.200001) (layers F.Cu F.Paste F.Mask) (roundrect_rratio 0.5)
      (net 29 "Net-(U1Batt1-Pad6)"))
    (pad 7 smd roundrect (at -2.4 3.175 270) (size 0.599999 2.200001) (layers F.Cu F.Paste F.Mask) (roundrect_rratio 0.5)
      (net 17 +48V))
    (pad 8 smd roundrect (at -2.4 4.445 270) (size 0.599999 2.200001) (layers F.Cu F.Paste F.Mask) (roundrect_rratio 0.5)
      (net 30 "Net-(U1Batt1-Pad8)"))
    (pad 16 smd roundrect (at 2.4 -4.445 270) (size 0.599999 2.200001) (layers F.Cu F.Paste F.Mask) (roundrect_rratio 0.5)
      (net 18 /BATPWR))
    (pad 15 smd roundrect (at 2.4 -3.175 270) (size 0.599999 2.200001) (layers F.Cu F.Paste F.Mask) (roundrect_rratio 0.5)
      (net 31 "Net-(U1Batt1-Pad15)"))
    (pad 14 smd roundrect (at 2.4 -1.905 270) (size 0.599999 2.200001) (layers F.Cu F.Paste F.Mask) (roundrect_rratio 0.5)
      (net 32 "Net-(U1Batt1-Pad14)"))
    (pad 13 smd roundrect (at 2.4 -0.635 270) (size 0.599999 2.200001) (layers F.Cu F.Paste F.Mask) (roundrect_rratio 0.5)
      (net 9 GND))
    (pad 12 smd roundrect (at 2.4 0.635 270) (size 0.599999 2.200001) (layers F.Cu F.Paste F.Mask) (roundrect_rratio 0.5)
      (net 13 /SDA))
    (pad 11 smd roundrect (at 2.4 1.905 270) (size 0.599999 2.200001) (layers F.Cu F.Paste F.Mask) (roundrect_rratio 0.5)
      (net 13 /SDA))
    (pad 10 smd roundrect (at 2.4 3.175 270) (size 0.599999 2.200001) (layers F.Cu F.Paste F.Mask) (roundrect_rratio 0.5)
      (net 14 /SCL))
    (pad 9 smd roundrect (at 2.4 4.445 270) (size 0.599999 2.200001) (layers F.Cu F.Paste F.Mask) (roundrect_rratio 0.5)
      (net 9 GND))
    (model eec.models/Linear_Technology_-_LTC4151CS-2PBF.step
      (offset (xyz 0 0 2.539999961853027))
      (scale (xyz 1 1 1))
      (rotate (xyz 0 0 0))
    )
  )

  (module eec:Linear_Technology-LTC4151CS-2PBF-Level_B (layer F.Cu) (tedit 5EF0D22D) (tstamp 602B2EBA)
    (at 138.43 54.61)
    (path /601178EA)
    (fp_text reference U2Solar1 (at -4.75 -5.920002) (layer F.SilkS)
      (effects (font (size 1 1) (thickness 0.15)) (justify left))
    )
    (fp_text value LTC4151CS-2PBF (at 0 0) (layer F.SilkS)
      (effects (font (size 1.27 1.27) (thickness 0.15)))
    )
    (fp_circle (center -2.4 -5.295001) (end -2.274999 -5.295001) (layer F.SilkS) (width 0.249999))
    (fp_circle (center -1.1 -4.099999) (end -0.600001 -4.099999) (layer F.Fab) (width 0.1))
    (fp_line (start -0.900001 5) (end 0.900001 5) (layer F.SilkS) (width 0.15))
    (fp_line (start -0.900001 -5) (end 0.900001 -5) (layer F.SilkS) (width 0.15))
    (fp_line (start 0.900001 5) (end 0.900001 -5) (layer F.SilkS) (width 0.15))
    (fp_line (start -0.900001 5) (end -0.900001 -5) (layer F.SilkS) (width 0.15))
    (fp_line (start -2.000001 5) (end 1.999999 5) (layer F.Fab) (width 0.1))
    (fp_line (start -2.000001 -5) (end 1.999999 -5) (layer F.Fab) (width 0.1))
