(kicad_pcb (version 20171130) (host pcbnew 5.0.2+dfsg1-1)

  (general
    (thickness 1.6)
    (drawings 9)
    (tracks 516)
    (zones 0)
    (modules 47)
    (nets 143)
  )

  (page A4)
  (layers
    (0 F.Cu signal)
    (31 B.Cu signal)
    (32 B.Adhes user)
    (33 F.Adhes user)
    (34 B.Paste user)
    (35 F.Paste user)
    (36 B.SilkS user)
    (37 F.SilkS user)
    (38 B.Mask user)
    (39 F.Mask user)
    (40 Dwgs.User user)
    (41 Cmts.User user)
    (42 Eco1.User user)
    (43 Eco2.User user)
    (44 Edge.Cuts user)
    (45 Margin user)
    (46 B.CrtYd user)
    (47 F.CrtYd user)
    (48 B.Fab user)
    (49 F.Fab user)
  )

  (setup
    (last_trace_width 0.25)
    (trace_clearance 0.2)
    (zone_clearance 0.508)
    (zone_45_only no)
    (trace_min 0.2)
    (segment_width 0.2)
    (edge_width 0.15)
    (via_size 0.8)
    (via_drill 0.4)
    (via_min_size 0.4)
    (via_min_drill 0.3)
    (uvia_size 0.3)
    (uvia_drill 0.1)
    (uvias_allowed no)
    (uvia_min_size 0.2)
    (uvia_min_drill 0.1)
    (pcb_text_width 0.3)
    (pcb_text_size 1.5 1.5)
    (mod_edge_width 0.15)
    (mod_text_size 1 1)
    (mod_text_width 0.15)
    (pad_size 3.2 3.2)
    (pad_drill 2.5)
    (pad_to_mask_clearance 0.051)
    (solder_mask_min_width 0.25)
    (aux_axis_origin 0 0)
    (visible_elements FFFFFF7F)
    (pcbplotparams
      (layerselection 0x010fc_ffffffff)
      (usegerberextensions false)
      (usegerberattributes false)
      (usegerberadvancedattributes false)
      (creategerberjobfile false)
      (excludeedgelayer true)
      (linewidth 0.100000)
      (plotframeref false)
      (viasonmask false)
      (mode 1)
      (useauxorigin false)
      (hpglpennumber 1)
      (hpglpenspeed 20)
      (hpglpendiameter 15.000000)
      (psnegative false)
      (psa4output false)
      (plotreference true)
      (plotvalue true)
      (plotinvisibletext false)
      (padsonsilk false)
      (subtractmaskfromsilk false)
      (outputformat 1)
      (mirror false)
      (drillshape 0)
      (scaleselection 1)
      (outputdirectory "gerber/"))
  )

  (net 0 "")
  (net 1 +48V)
  (net 2 +24V)
  (net 3 GND)
  (net 4 /SCL)
  (net 5 /SDA)
  (net 6 "Net-(U2Solar1-Pad14)")
  (net 7 "Net-(U2Solar1-Pad15)")
  (net 8 "Net-(U2Solar1-Pad8)")
  (net 9 "Net-(U2Solar1-Pad6)")
  (net 10 "Net-(U2Solar1-Pad4)")
  (net 11 "Net-(U2Solar1-Pad3)")
  (net 12 "Net-(U1Batt1-Pad3)")
  (net 13 "Net-(U1Batt1-Pad4)")
  (net 14 "Net-(U1Batt1-Pad6)")
  (net 15 "Net-(U1Batt1-Pad8)")
  (net 16 "Net-(U1Batt1-Pad15)")
  (net 17 "Net-(U1Batt1-Pad14)")
  (net 18 "Net-(PS2-Pad3)")
  (net 19 "Net-(PS2-Pad5)")
  (net 20 +5V)
  (net 21 "Net-(PS2-Pad8)")
  (net 22 "Net-(U11-PadP2_1)")
  (net 23 "Net-(U11-PadP2_2)")
  (net 24 "Net-(U11-PadP2_4)")
  (net 25 /HTEN)
  (net 26 "Net-(U11-PadP2_6)")
  (net 27 "Net-(U11-PadP2_7)")
  (net 28 "Net-(U11-PadP2_8)")
  (net 29 "Net-(U11-PadP2_9)")
  (net 30 "Net-(U11-PadP2_10)")
  (net 31 "Net-(U11-PadP2_11)")
  (net 32 "Net-(U11-PadP2_12)")
  (net 33 "Net-(U11-PadP1_2)")
  (net 34 "Net-(U11-PadP1_3)")
  (net 35 "Net-(U11-PadP1_4)")
  (net 36 "Net-(U11-PadP1_5)")
  (net 37 "Net-(U11-PadP1_6)")
  (net 38 "Net-(U11-PadP1_7)")
  (net 39 "Net-(U11-PadP1_8)")
  (net 40 "Net-(U11-PadP1_9)")
  (net 41 "Net-(U11-PadP1_10)")
  (net 42 "Net-(U11-PadP1_11)")
  (net 43 "Net-(U11-PadP1_12)")
  (net 44 "Net-(U11-PadP1_14)")
  (net 45 +3V3)
  (net 46 /~RST)
  (net 47 "Net-(U13-PadP2_1)")
  (net 48 "Net-(U13-PadP2_2)")
  (net 49 "Net-(U13-PadP2_4)")
  (net 50 "Net-(U13-PadP2_5)")
  (net 51 /SSET)
  (net 52 "Net-(U13-PadP2_7)")
  (net 53 "Net-(U13-PadP2_8)")
  (net 54 "Net-(U13-PadP2_9)")
  (net 55 /SUSET)
  (net 56 "Net-(U13-PadP2_11)")
  (net 57 "Net-(U13-PadP2_12)")
  (net 58 "Net-(U13-PadP1_2)")
  (net 59 "Net-(U13-PadP1_3)")
  (net 60 "Net-(U13-PadP1_4)")
  (net 61 "Net-(U13-PadP1_5)")
  (net 62 "Net-(U13-PadP1_6)")
  (net 63 "Net-(U13-PadP1_7)")
  (net 64 "Net-(U13-PadP1_8)")
  (net 65 "Net-(U13-PadP1_9)")
  (net 66 "Net-(U13-PadP1_10)")
  (net 67 "Net-(U13-PadP1_11)")
  (net 68 "Net-(U13-PadP1_12)")
  (net 69 "Net-(U13-PadP1_14)")
  (net 70 "Net-(U14-PadP1_14)")
  (net 71 "Net-(U14-PadP1_12)")
  (net 72 "Net-(U14-PadP1_11)")
  (net 73 "Net-(U14-PadP1_10)")
  (net 74 "Net-(U14-PadP1_9)")
  (net 75 "Net-(U14-PadP1_8)")
  (net 76 "Net-(U14-PadP1_7)")
  (net 77 "Net-(U14-PadP1_6)")
  (net 78 "Net-(U14-PadP1_5)")
  (net 79 "Net-(U14-PadP1_4)")
  (net 80 "Net-(U14-PadP1_3)")
  (net 81 "Net-(U14-PadP1_2)")
  (net 82 "Net-(U14-PadP2_12)")
  (net 83 "Net-(U14-PadP2_11)")
  (net 84 "Net-(U14-PadP2_10)")
  (net 85 /PSET)
  (net 86 /PUSET)
  (net 87 "Net-(U14-PadP2_7)")
  (net 88 "Net-(U14-PadP2_6)")
  (net 89 "Net-(U14-PadP2_5)")
  (net 90 "Net-(U14-PadP2_4)")
  (net 91 /VBAT)
  (net 92 /VPIN)
  (net 93 /ENCS)
  (net 94 /TX)
  (net 95 /RX)
  (net 96 /MISO)
  (net 97 /MOSI)
  (net 98 /SCK)
  (net 99 /THBAT)
  (net 100 /THHTR)
  (net 101 /AREF)
  (net 102 "Net-(U12-PadP2_1)")
  (net 103 "Net-(U12-PadP2_2)")
  (net 104 "Net-(U12-PadP2_4)")
  (net 105 "Net-(U12-PadP2_5)")
  (net 106 "Net-(U12-PadP2_6)")
  (net 107 "Net-(U12-PadP2_8)")
  (net 108 "Net-(U12-PadP2_9)")
  (net 109 "Net-(U12-PadP2_10)")
  (net 110 "Net-(U12-PadP2_11)")
  (net 111 "Net-(U12-PadP2_12)")
  (net 112 "Net-(U12-PadP1_2)")
  (net 113 "Net-(U12-PadP1_3)")
  (net 114 "Net-(U12-PadP1_7)")
  (net 115 "Net-(U12-PadP1_8)")
  (net 116 "Net-(U12-PadP1_9)")
  (net 117 "Net-(U12-PadP1_10)")
  (net 118 "Net-(U12-PadP1_11)")
  (net 119 "Net-(U12-PadP1_12)")
  (net 120 "Net-(U12-PadP1_14)")
  (net 121 "Net-(Q2-Pad1)")
  (net 122 "Net-(R5-Pad1)")
  (net 123 "Net-(Q1-Pad1)")
  (net 124 "Net-(R8-Pad1)")
  (net 125 "Net-(Q1-Pad2)")
  (net 126 "Net-(J11-Pad5)")
  (net 127 "Net-(U14-PadP2_1)")
  (net 128 "Net-(U10-PadP2_2)")
  (net 129 /RBEN)
  (net 130 /48VEN)
  (net 131 /RBTX)
  (net 132 /RBRX)
  (net 133 "Net-(U12-PadP2_3)")
  (net 134 "Net-(JM1-Pad5)")
  (net 135 "Net-(D2-Pad1)")
  (net 136 "Net-(D1-Pad2)")
  (net 137 "Net-(D2-Pad2)")
  (net 138 "Net-(R10-Pad1)")
  (net 139 "Net-(R12-Pad1)")
  (net 140 "Net-(U13-PadP1_1)")
  (net 141 "Net-(C8-Pad1)")
  (net 142 "Net-(D1-Pad1)")

  (net_class Default "This is the default net class."
    (clearance 0.2)
    (trace_width 0.25)
    (via_dia 0.8)
    (via_drill 0.4)
    (uvia_dia 0.3)
    (uvia_drill 0.1)
    (add_net +24V)
    (add_net +3V3)
    (add_net +48V)
    (add_net +5V)
    (add_net /48VEN)
    (add_net /AREF)
    (add_net /ENCS)
    (add_net /HTEN)
    (add_net /MISO)
    (add_net /MOSI)
    (add_net /PSET)
    (add_net /PUSET)
    (add_net /RBEN)
    (add_net /RBRX)
    (add_net /RBTX)
    (add_net /RX)
    (add_net /SCK)
    (add_net /SCL)
    (add_net /SDA)
    (add_net /SSET)
    (add_net /SUSET)
    (add_net /THBAT)
    (add_net /THHTR)
    (add_net /TX)
    (add_net /VBAT)
    (add_net /VPIN)
    (add_net /~RST)
    (add_net GND)
    (add_net "Net-(C8-Pad1)")
    (add_net "Net-(D1-Pad1)")
    (add_net "Net-(D1-Pad2)")
    (add_net "Net-(D2-Pad1)")
    (add_net "Net-(D2-Pad2)")
    (add_net "Net-(J11-Pad5)")
    (add_net "Net-(JM1-Pad5)")
    (add_net "Net-(PS2-Pad3)")
    (add_net "Net-(PS2-Pad5)")
    (add_net "Net-(PS2-Pad8)")
    (add_net "Net-(Q1-Pad1)")
    (add_net "Net-(Q1-Pad2)")
    (add_net "Net-(Q2-Pad1)")
    (add_net "Net-(R10-Pad1)")
    (add_net "Net-(R12-Pad1)")
    (add_net "Net-(R5-Pad1)")
    (add_net "Net-(R8-Pad1)")
    (add_net "Net-(U10-PadP2_2)")
    (add_net "Net-(U11-PadP1_10)")
    (add_net "Net-(U11-PadP1_11)")
    (add_net "Net-(U11-PadP1_12)")
    (add_net "Net-(U11-PadP1_14)")
    (add_net "Net-(U11-PadP1_2)")
    (add_net "Net-(U11-PadP1_3)")
    (add_net "Net-(U11-PadP1_4)")
    (add_net "Net-(U11-PadP1_5)")
    (add_net "Net-(U11-PadP1_6)")
    (add_net "Net-(U11-PadP1_7)")
    (add_net "Net-(U11-PadP1_8)")
    (add_net "Net-(U11-PadP1_9)")
    (add_net "Net-(U11-PadP2_1)")
    (add_net "Net-(U11-PadP2_10)")
    (add_net "Net-(U11-PadP2_11)")
    (add_net "Net-(U11-PadP2_12)")
    (add_net "Net-(U11-PadP2_2)")
    (add_net "Net-(U11-PadP2_4)")
    (add_net "Net-(U11-PadP2_6)")
    (add_net "Net-(U11-PadP2_7)")
    (add_net "Net-(U11-PadP2_8)")
    (add_net "Net-(U11-PadP2_9)")
    (add_net "Net-(U12-PadP1_10)")
    (add_net "Net-(U12-PadP1_11)")
    (add_net "Net-(U12-PadP1_12)")
    (add_net "Net-(U12-PadP1_14)")
    (add_net "Net-(U12-PadP1_2)")
    (add_net "Net-(U12-PadP1_3)")
    (add_net "Net-(U12-PadP1_7)")
    (add_net "Net-(U12-PadP1_8)")
    (add_net "Net-(U12-PadP1_9)")
    (add_net "Net-(U12-PadP2_1)")
    (add_net "Net-(U12-PadP2_10)")
    (add_net "Net-(U12-PadP2_11)")
    (add_net "Net-(U12-PadP2_12)")
    (add_net "Net-(U12-PadP2_2)")
    (add_net "Net-(U12-PadP2_3)")
    (add_net "Net-(U12-PadP2_4)")
    (add_net "Net-(U12-PadP2_5)")
    (add_net "Net-(U12-PadP2_6)")
    (add_net "Net-(U12-PadP2_8)")
    (add_net "Net-(U12-PadP2_9)")
    (add_net "Net-(U13-PadP1_1)")
    (add_net "Net-(U13-PadP1_10)")
    (add_net "Net-(U13-PadP1_11)")
    (add_net "Net-(U13-PadP1_12)")
    (add_net "Net-(U13-PadP1_14)")
    (add_net "Net-(U13-PadP1_2)")
    (add_net "Net-(U13-PadP1_3)")
    (add_net "Net-(U13-PadP1_4)")
    (add_net "Net-(U13-PadP1_5)")
    (add_net "Net-(U13-PadP1_6)")
    (add_net "Net-(U13-PadP1_7)")
    (add_net "Net-(U13-PadP1_8)")
    (add_net "Net-(U13-PadP1_9)")
    (add_net "Net-(U13-PadP2_1)")
    (add_net "Net-(U13-PadP2_11)")
    (add_net "Net-(U13-PadP2_12)")
    (add_net "Net-(U13-PadP2_2)")
    (add_net "Net-(U13-PadP2_4)")
    (add_net "Net-(U13-PadP2_5)")
    (add_net "Net-(U13-PadP2_7)")
    (add_net "Net-(U13-PadP2_8)")
    (add_net "Net-(U13-PadP2_9)")
    (add_net "Net-(U14-PadP1_10)")
    (add_net "Net-(U14-PadP1_11)")
    (add_net "Net-(U14-PadP1_12)")
    (add_net "Net-(U14-PadP1_14)")
    (add_net "Net-(U14-PadP1_2)")
    (add_net "Net-(U14-PadP1_3)")
    (add_net "Net-(U14-PadP1_4)")
    (add_net "Net-(U14-PadP1_5)")
    (add_net "Net-(U14-PadP1_6)")
    (add_net "Net-(U14-PadP1_7)")
    (add_net "Net-(U14-PadP1_8)")
    (add_net "Net-(U14-PadP1_9)")
    (add_net "Net-(U14-PadP2_1)")
    (add_net "Net-(U14-PadP2_10)")
    (add_net "Net-(U14-PadP2_11)")
    (add_net "Net-(U14-PadP2_12)")
    (add_net "Net-(U14-PadP2_4)")
    (add_net "Net-(U14-PadP2_5)")
    (add_net "Net-(U14-PadP2_6)")
    (add_net "Net-(U14-PadP2_7)")
    (add_net "Net-(U1Batt1-Pad14)")
    (add_net "Net-(U1Batt1-Pad15)")
    (add_net "Net-(U1Batt1-Pad3)")
    (add_net "Net-(U1Batt1-Pad4)")
    (add_net "Net-(U1Batt1-Pad6)")
    (add_net "Net-(U1Batt1-Pad8)")
    (add_net "Net-(U2Solar1-Pad14)")
    (add_net "Net-(U2Solar1-Pad15)")
    (add_net "Net-(U2Solar1-Pad3)")
    (add_net "Net-(U2Solar1-Pad4)")
    (add_net "Net-(U2Solar1-Pad6)")
    (add_net "Net-(U2Solar1-Pad8)")
  )

  (module Capacitor_SMD:C_0805_2012Metric (layer B.Cu) (tedit 5B36C52B) (tstamp 60615101)
    (at 109.22 74.93 180)
    (descr "Capacitor SMD 0805 (2012 Metric), square (rectangular) end terminal, IPC_7351 nominal, (Body size source: https://docs.google.com/spreadsheets/d/1BsfQQcO9C6DZCsRaXUlFlo91Tg2WpOkGARC1WS5S8t0/edit?usp=sharing), generated with kicad-footprint-generator")
    (tags capacitor)
    (path /603214D7)
    (attr smd)
    (fp_text reference C5 (at 0 1.65 180) (layer B.SilkS)
      (effects (font (size 1 1) (thickness 0.15)) (justify mirror))
    )
    (fp_text value C10uF (at 0 -1.65 180) (layer B.Fab)
      (effects (font (size 1 1) (thickness 0.15)) (justify mirror))
    )
    (fp_text user %R (at 0 0 180) (layer B.Fab)
      (effects (font (size 0.5 0.5) (thickness 0.08)) (justify mirror))
    )
    (fp_line (start 1.68 -0.95) (end -1.68 -0.95) (layer B.CrtYd) (width 0.05))
    (fp_line (start 1.68 0.95) (end 1.68 -0.95) (layer B.CrtYd) (width 0.05))
    (fp_line (start -1.68 0.95) (end 1.68 0.95) (layer B.CrtYd) (width 0.05))
    (fp_line (start -1.68 -0.95) (end -1.68 0.95) (layer B.CrtYd) (width 0.05))
    (fp_line (start -0.258578 -0.71) (end 0.258578 -0.71) (layer B.SilkS) (width 0.12))
    (fp_line (start -0.258578 0.71) (end 0.258578 0.71) (layer B.SilkS) (width 0.12))
    (fp_line (start 1 -0.6) (end -1 -0.6) (layer B.Fab) (width 0.1))
    (fp_line (start 1 0.6) (end 1 -0.6) (layer B.Fab) (width 0.1))
    (fp_line (start -1 0.6) (end 1 0.6) (layer B.Fab) (width 0.1))
    (fp_line (start -1 -0.6) (end -1 0.6) (layer B.Fab) (width 0.1))
    (pad 2 smd roundrect (at 0.9375 0 180) (size 0.975 1.4) (layers B.Cu B.Paste B.Mask) (roundrect_rratio 0.25)
      (net 3 GND))
    (pad 1 smd roundrect (at -0.9375 0 180) (size 0.975 1.4) (layers B.Cu B.Paste B.Mask) (roundrect_rratio 0.25)
      (net 1 +48V))
    (model ${KISYS3DMOD}/Capacitor_SMD.3dshapes/C_0805_2012Metric.wrl
      (at (xyz 0 0 0))
      (scale (xyz 1 1 1))
      (rotate (xyz 0 0 0))
    )
  )

  (module Capacitor_SMD:C_0805_2012Metric (layer B.Cu) (tedit 5B36C52B) (tstamp 606150F0)
    (at 110.49 90.17 180)
    (descr "Capacitor SMD 0805 (2012 Metric), square (rectangular) end terminal, IPC_7351 nominal, (Body size source: https://docs.google.com/spreadsheets/d/1BsfQQcO9C6DZCsRaXUlFlo91Tg2WpOkGARC1WS5S8t0/edit?usp=sharing), generated with kicad-footprint-generator")
    (tags capacitor)
    (path /60341E76)
    (attr smd)
    (fp_text reference C6 (at 0 1.65 180) (layer B.SilkS)
      (effects (font (size 1 1) (thickness 0.15)) (justify mirror))
    )
    (fp_text value C10uF (at 0 -1.65 180) (layer B.Fab)
      (effects (font (size 1 1) (thickness 0.15)) (justify mirror))
    )
    (fp_line (start -1 -0.6) (end -1 0.6) (layer B.Fab) (width 0.1))
    (fp_line (start -1 0.6) (end 1 0.6) (layer B.Fab) (width 0.1))
    (fp_line (start 1 0.6) (end 1 -0.6) (layer B.Fab) (width 0.1))
    (fp_line (start 1 -0.6) (end -1 -0.6) (layer B.Fab) (width 0.1))
    (fp_line (start -0.258578 0.71) (end 0.258578 0.71) (layer B.SilkS) (width 0.12))
    (fp_line (start -0.258578 -0.71) (end 0.258578 -0.71) (layer B.SilkS) (width 0.12))
    (fp_line (start -1.68 -0.95) (end -1.68 0.95) (layer B.CrtYd) (width 0.05))
    (fp_line (start -1.68 0.95) (end 1.68 0.95) (layer B.CrtYd) (width 0.05))
    (fp_line (start 1.68 0.95) (end 1.68 -0.95) (layer B.CrtYd) (width 0.05))
    (fp_line (start 1.68 -0.95) (end -1.68 -0.95) (layer B.CrtYd) (width 0.05))
    (fp_text user %R (at 0 0 180) (layer B.Fab)
      (effects (font (size 0.5 0.5) (thickness 0.08)) (justify mirror))
    )
    (pad 1 smd roundrect (at -0.9375 0 180) (size 0.975 1.4) (layers B.Cu B.Paste B.Mask) (roundrect_rratio 0.25)
      (net 20 +5V))
    (pad 2 smd roundrect (at 0.9375 0 180) (size 0.975 1.4) (layers B.Cu B.Paste B.Mask) (roundrect_rratio 0.25)
      (net 3 GND))
    (model ${KISYS3DMOD}/Capacitor_SMD.3dshapes/C_0805_2012Metric.wrl
      (at (xyz 0 0 0))
      (scale (xyz 1 1 1))
      (rotate (xyz 0 0 0))
    )
  )

  (module Capacitor_SMD:C_0805_2012Metric (layer B.Cu) (tedit 5B36C52B) (tstamp 606150DF)
    (at 110.49 92.71 180)
    (descr "Capacitor SMD 0805 (2012 Metric), square (rectangular) end terminal, IPC_7351 nominal, (Body size source: https://docs.google.com/spreadsheets/d/1BsfQQcO9C6DZCsRaXUlFlo91Tg2WpOkGARC1WS5S8t0/edit?usp=sharing), generated with kicad-footprint-generator")
    (tags capacitor)
    (path /6034D61E)
    (attr smd)
    (fp_text reference C7 (at 0 1.65 180) (layer B.SilkS)
      (effects (font (size 1 1) (thickness 0.15)) (justify mirror))
    )
    (fp_text value C10uF (at 0 -1.65 180) (layer B.Fab)
      (effects (font (size 1 1) (thickness 0.15)) (justify mirror))
    )
    (fp_text user %R (at 0 0 180) (layer B.Fab)
      (effects (font (size 0.5 0.5) (thickness 0.08)) (justify mirror))
    )
    (fp_line (start 1.68 -0.95) (end -1.68 -0.95) (layer B.CrtYd) (width 0.05))
    (fp_line (start 1.68 0.95) (end 1.68 -0.95) (layer B.CrtYd) (width 0.05))
    (fp_line (start -1.68 0.95) (end 1.68 0.95) (layer B.CrtYd) (width 0.05))
    (fp_line (start -1.68 -0.95) (end -1.68 0.95) (layer B.CrtYd) (width 0.05))
    (fp_line (start -0.258578 -0.71) (end 0.258578 -0.71) (layer B.SilkS) (width 0.12))
    (fp_line (start -0.258578 0.71) (end 0.258578 0.71) (layer B.SilkS) (width 0.12))
    (fp_line (start 1 -0.6) (end -1 -0.6) (layer B.Fab) (width 0.1))
    (fp_line (start 1 0.6) (end 1 -0.6) (layer B.Fab) (width 0.1))
    (fp_line (start -1 0.6) (end 1 0.6) (layer B.Fab) (width 0.1))
    (fp_line (start -1 -0.6) (end -1 0.6) (layer B.Fab) (width 0.1))
    (pad 2 smd roundrect (at 0.9375 0 180) (size 0.975 1.4) (layers B.Cu B.Paste B.Mask) (roundrect_rratio 0.25)
      (net 3 GND))
    (pad 1 smd roundrect (at -0.9375 0 180) (size 0.975 1.4) (layers B.Cu B.Paste B.Mask) (roundrect_rratio 0.25)
      (net 20 +5V))
    (model ${KISYS3DMOD}/Capacitor_SMD.3dshapes/C_0805_2012Metric.wrl
      (at (xyz 0 0 0))
      (scale (xyz 1 1 1))
      (rotate (xyz 0 0 0))
    )
  )

  (module Capacitor_SMD:C_0805_2012Metric (layer B.Cu) (tedit 5B36C52B) (tstamp 606150CE)
    (at 85.09 30.48 90)
    (descr "Capacitor SMD 0805 (2012 Metric), square (rectangular) end terminal, IPC_7351 nominal, (Body size source: https://docs.google.com/spreadsheets/d/1BsfQQcO9C6DZCsRaXUlFlo91Tg2WpOkGARC1WS5S8t0/edit?usp=sharing), generated with kicad-footprint-generator")
    (tags capacitor)
    (path /60365BA2)
    (attr smd)
    (fp_text reference C8 (at 0 1.65 90) (layer B.SilkS)
      (effects (font (size 1 1) (thickness 0.15)) (justify mirror))
    )
    (fp_text value C10nF (at 0 -1.65 90) (layer B.Fab)
      (effects (font (size 1 1) (thickness 0.15)) (justify mirror))
    )
    (fp_line (start -1 -0.6) (end -1 0.6) (layer B.Fab) (width 0.1))
    (fp_line (start -1 0.6) (end 1 0.6) (layer B.Fab) (width 0.1))
    (fp_line (start 1 0.6) (end 1 -0.6) (layer B.Fab) (width 0.1))
    (fp_line (start 1 -0.6) (end -1 -0.6) (layer B.Fab) (width 0.1))
    (fp_line (start -0.258578 0.71) (end 0.258578 0.71) (layer B.SilkS) (width 0.12))
    (fp_line (start -0.258578 -0.71) (end 0.258578 -0.71) (layer B.SilkS) (width 0.12))
    (fp_line (start -1.68 -0.95) (end -1.68 0.95) (layer B.CrtYd) (width 0.05))
    (fp_line (start -1.68 0.95) (end 1.68 0.95) (layer B.CrtYd) (width 0.05))
    (fp_line (start 1.68 0.95) (end 1.68 -0.95) (layer B.CrtYd) (width 0.05))
    (fp_line (start 1.68 -0.95) (end -1.68 -0.95) (layer B.CrtYd) (width 0.05))
    (fp_text user %R (at 0 0 90) (layer B.Fab)
      (effects (font (size 0.5 0.5) (thickness 0.08)) (justify mirror))
    )
    (pad 1 smd roundrect (at -0.9375 0 90) (size 0.975 1.4) (layers B.Cu B.Paste B.Mask) (roundrect_rratio 0.25)
      (net 141 "Net-(C8-Pad1)"))
    (pad 2 smd roundrect (at 0.9375 0 90) (size 0.975 1.4) (layers B.Cu B.Paste B.Mask) (roundrect_rratio 0.25)
      (net 3 GND))
    (model ${KISYS3DMOD}/Capacitor_SMD.3dshapes/C_0805_2012Metric.wrl
      (at (xyz 0 0 0))
      (scale (xyz 1 1 1))
      (rotate (xyz 0 0 0))
    )
  )

  (module Fuse:Fuseholder_Cylinder-5x20mm_Schurter_0031_8201_Horizontal_Open (layer B.Cu) (tedit 5A1C8BA4) (tstamp 60614E81)
    (at 34.29 55.88)
    (descr http://www.schurter.com/var/schurter/storage/ilcatalogue/files/document/datasheet/en/pdf/typ_OGN.pdf)
    (tags "Fuseholder horizontal open 5x20 Schurter 0031.8201")
    (path /6031234C)
    (fp_text reference F2 (at 11.25 6) (layer B.SilkS)
      (effects (font (size 1 1) (thickness 0.15)) (justify mirror))
    )
    (fp_text value Fuse_Small (at 11.25 -6) (layer B.Fab)
      (effects (font (size 1 1) (thickness 0.15)) (justify mirror))
    )
    (fp_arc (start 0 0) (end -0.25 -1.95) (angle -165.3) (layer B.CrtYd) (width 0.05))
    (fp_arc (start 22.5 0) (end 22.75 1.95) (angle -165.3) (layer B.CrtYd) (width 0.05))
    (fp_line (start 0 -4.8) (end 0 -2) (layer B.SilkS) (width 0.12))
    (fp_line (start 22.75 -1.95) (end 22.75 -5.05) (layer B.CrtYd) (width 0.05))
    (fp_line (start 22.75 1.95) (end 22.75 5.05) (layer B.CrtYd) (width 0.05))
    (fp_line (start -0.25 1.95) (end -0.25 5.05) (layer B.CrtYd) (width 0.05))
    (fp_line (start 0 -4.8) (end 22.5 -4.8) (layer B.SilkS) (width 0.12))
    (fp_line (start -0.25 5.05) (end 22.75 5.05) (layer B.CrtYd) (width 0.05))
    (fp_line (start 22.75 -5.05) (end -0.25 -5.05) (layer B.CrtYd) (width 0.05))
    (fp_line (start 0 4.8) (end 22.5 4.8) (layer B.SilkS) (width 0.12))
    (fp_line (start 0 2) (end 0 4.8) (layer B.SilkS) (width 0.12))
    (fp_line (start 22.5 2) (end 22.5 4.8) (layer B.SilkS) (width 0.12))
    (fp_line (start 22.5 -4.8) (end 22.5 -2) (layer B.SilkS) (width 0.12))
    (fp_line (start -0.25 -5.05) (end -0.25 -1.95) (layer B.CrtYd) (width 0.05))
    (fp_line (start 22.4 4.7) (end 0.1 4.7) (layer B.Fab) (width 0.1))
    (fp_line (start 22.4 -4.7) (end 22.4 4.7) (layer B.Fab) (width 0.1))
    (fp_line (start 0.1 -4.7) (end 22.4 -4.7) (layer B.Fab) (width 0.1))
    (fp_line (start 0.1 4.7) (end 0.1 -4.7) (layer B.Fab) (width 0.1))
    (fp_text user %R (at 11.25 -4) (layer B.Fab)
      (effects (font (size 1 1) (thickness 0.15)) (justify mirror))
    )
    (pad "" np_thru_hole circle (at 11.25 0) (size 2.7 2.7) (drill 2.7) (layers *.Cu *.Mask))
    (pad 2 thru_hole circle (at 22.5 0) (size 3 3) (drill 1.3) (layers *.Cu *.Mask)
      (net 135 "Net-(D2-Pad1)"))
    (pad 1 thru_hole circle (at 0 0) (size 3 3) (drill 1.3) (layers *.Cu *.Mask)
      (net 1 +48V))
    (model ${KISYS3DMOD}/Fuse.3dshapes/Fuseholder_Cylinder-5x20mm_Schurter_0031_8201_Horizontal_Open.wrl
      (at (xyz 0 0 0))
      (scale (xyz 1 1 1))
      (rotate (xyz 0 0 0))
    )
  )

  (module Fuse:Fuseholder_Cylinder-5x20mm_Schurter_0031_8201_Horizontal_Open (layer B.Cu) (tedit 5A1C8BA4) (tstamp 60614E67)
    (at 55.88 82.55 180)
    (descr http://www.schurter.com/var/schurter/storage/ilcatalogue/files/document/datasheet/en/pdf/typ_OGN.pdf)
    (tags "Fuseholder horizontal open 5x20 Schurter 0031.8201")
    (path /60316340)
    (fp_text reference F1 (at 11.25 6 180) (layer B.SilkS)
      (effects (font (size 1 1) (thickness 0.15)) (justify mirror))
    )
    (fp_text value Fuse_Small (at 11.25 -6 180) (layer B.Fab)
      (effects (font (size 1 1) (thickness 0.15)) (justify mirror))
    )
    (fp_text user %R (at 11.25 -4 180) (layer B.Fab)
      (effects (font (size 1 1) (thickness 0.15)) (justify mirror))
    )
    (fp_line (start 0.1 4.7) (end 0.1 -4.7) (layer B.Fab) (width 0.1))
    (fp_line (start 0.1 -4.7) (end 22.4 -4.7) (layer B.Fab) (width 0.1))
    (fp_line (start 22.4 -4.7) (end 22.4 4.7) (layer B.Fab) (width 0.1))
    (fp_line (start 22.4 4.7) (end 0.1 4.7) (layer B.Fab) (width 0.1))
    (fp_line (start -0.25 -5.05) (end -0.25 -1.95) (layer B.CrtYd) (width 0.05))
    (fp_line (start 22.5 -4.8) (end 22.5 -2) (layer B.SilkS) (width 0.12))
    (fp_line (start 22.5 2) (end 22.5 4.8) (layer B.SilkS) (width 0.12))
    (fp_line (start 0 2) (end 0 4.8) (layer B.SilkS) (width 0.12))
    (fp_line (start 0 4.8) (end 22.5 4.8) (layer B.SilkS) (width 0.12))
    (fp_line (start 22.75 -5.05) (end -0.25 -5.05) (layer B.CrtYd) (width 0.05))
    (fp_line (start -0.25 5.05) (end 22.75 5.05) (layer B.CrtYd) (width 0.05))
    (fp_line (start 0 -4.8) (end 22.5 -4.8) (layer B.SilkS) (width 0.12))
    (fp_line (start -0.25 1.95) (end -0.25 5.05) (layer B.CrtYd) (width 0.05))
    (fp_line (start 22.75 1.95) (end 22.75 5.05) (layer B.CrtYd) (width 0.05))
    (fp_line (start 22.75 -1.95) (end 22.75 -5.05) (layer B.CrtYd) (width 0.05))
    (fp_line (start 0 -4.8) (end 0 -2) (layer B.SilkS) (width 0.12))
    (fp_arc (start 22.5 0) (end 22.75 1.95) (angle -165.3) (layer B.CrtYd) (width 0.05))
    (fp_arc (start 0 0) (end -0.25 -1.95) (angle -165.3) (layer B.CrtYd) (width 0.05))
    (pad 1 thru_hole circle (at 0 0 180) (size 3 3) (drill 1.3) (layers *.Cu *.Mask)
      (net 142 "Net-(D1-Pad1)"))
    (pad 2 thru_hole circle (at 22.5 0 180) (size 3 3) (drill 1.3) (layers *.Cu *.Mask)
      (net 1 +48V))
    (pad "" np_thru_hole circle (at 11.25 0 180) (size 2.7 2.7) (drill 2.7) (layers *.Cu *.Mask))
    (model ${KISYS3DMOD}/Fuse.3dshapes/Fuseholder_Cylinder-5x20mm_Schurter_0031_8201_Horizontal_Open.wrl
      (at (xyz 0 0 0))
      (scale (xyz 1 1 1))
      (rotate (xyz 0 0 0))
    )
  )

  (module Resistor_SMD:R_0805_2012Metric (layer B.Cu) (tedit 5B36C52B) (tstamp 60614CB5)
    (at 101.6 52.07)
    (descr "Resistor SMD 0805 (2012 Metric), square (rectangular) end terminal, IPC_7351 nominal, (Body size source: https://docs.google.com/spreadsheets/d/1BsfQQcO9C6DZCsRaXUlFlo91Tg2WpOkGARC1WS5S8t0/edit?usp=sharing), generated with kicad-footprint-generator")
    (tags resistor)
    (path /603D3CF8)
    (attr smd)
    (fp_text reference R10 (at 0 1.65) (layer B.SilkS)
      (effects (font (size 1 1) (thickness 0.15)) (justify mirror))
    )
    (fp_text value 3.3K (at 0 -1.65) (layer B.Fab)
      (effects (font (size 1 1) (thickness 0.15)) (justify mirror))
    )
    (fp_text user %R (at 0 0) (layer B.Fab)
      (effects (font (size 0.5 0.5) (thickness 0.08)) (justify mirror))
    )
    (fp_line (start 1.68 -0.95) (end -1.68 -0.95) (layer B.CrtYd) (width 0.05))
    (fp_line (start 1.68 0.95) (end 1.68 -0.95) (layer B.CrtYd) (width 0.05))
    (fp_line (start -1.68 0.95) (end 1.68 0.95) (layer B.CrtYd) (width 0.05))
    (fp_line (start -1.68 -0.95) (end -1.68 0.95) (layer B.CrtYd) (width 0.05))
    (fp_line (start -0.258578 -0.71) (end 0.258578 -0.71) (layer B.SilkS) (width 0.12))
    (fp_line (start -0.258578 0.71) (end 0.258578 0.71) (layer B.SilkS) (width 0.12))
    (fp_line (start 1 -0.6) (end -1 -0.6) (layer B.Fab) (width 0.1))
    (fp_line (start 1 0.6) (end 1 -0.6) (layer B.Fab) (width 0.1))
    (fp_line (start -1 0.6) (end 1 0.6) (layer B.Fab) (width 0.1))
    (fp_line (start -1 -0.6) (end -1 0.6) (layer B.Fab) (width 0.1))
    (pad 2 smd roundrect (at 0.9375 0) (size 0.975 1.4) (layers B.Cu B.Paste B.Mask) (roundrect_rratio 0.25)
      (net 3 GND))
    (pad 1 smd roundrect (at -0.9375 0) (size 0.975 1.4) (layers B.Cu B.Paste B.Mask) (roundrect_rratio 0.25)
      (net 138 "Net-(R10-Pad1)"))
    (model ${KISYS3DMOD}/Resistor_SMD.3dshapes/R_0805_2012Metric.wrl
      (at (xyz 0 0 0))
      (scale (xyz 1 1 1))
      (rotate (xyz 0 0 0))
    )
  )

  (module Resistor_SMD:R_0805_2012Metric (layer B.Cu) (tedit 5B36C52B) (tstamp 60614CA4)
    (at 101.6 54.61)
    (descr "Resistor SMD 0805 (2012 Metric), square (rectangular) end terminal, IPC_7351 nominal, (Body size source: https://docs.google.com/spreadsheets/d/1BsfQQcO9C6DZCsRaXUlFlo91Tg2WpOkGARC1WS5S8t0/edit?usp=sharing), generated with kicad-footprint-generator")
    (tags resistor)
    (path /603D373E)
    (attr smd)
    (fp_text reference R11 (at 0 1.65) (layer B.SilkS)
      (effects (font (size 1 1) (thickness 0.15)) (justify mirror))
    )
    (fp_text value R6.8k (at 0 -1.65) (layer B.Fab)
      (effects (font (size 1 1) (thickness 0.15)) (justify mirror))
    )
    (fp_line (start -1 -0.6) (end -1 0.6) (layer B.Fab) (width 0.1))
    (fp_line (start -1 0.6) (end 1 0.6) (layer B.Fab) (width 0.1))
    (fp_line (start 1 0.6) (end 1 -0.6) (layer B.Fab) (width 0.1))
    (fp_line (start 1 -0.6) (end -1 -0.6) (layer B.Fab) (width 0.1))
    (fp_line (start -0.258578 0.71) (end 0.258578 0.71) (layer B.SilkS) (width 0.12))
    (fp_line (start -0.258578 -0.71) (end 0.258578 -0.71) (layer B.SilkS) (width 0.12))
    (fp_line (start -1.68 -0.95) (end -1.68 0.95) (layer B.CrtYd) (width 0.05))
    (fp_line (start -1.68 0.95) (end 1.68 0.95) (layer B.CrtYd) (width 0.05))
    (fp_line (start 1.68 0.95) (end 1.68 -0.95) (layer B.CrtYd) (width 0.05))
    (fp_line (start 1.68 -0.95) (end -1.68 -0.95) (layer B.CrtYd) (width 0.05))
    (fp_text user %R (at 0 0) (layer B.Fab)
      (effects (font (size 0.5 0.5) (thickness 0.08)) (justify mirror))
    )
    (pad 1 smd roundrect (at -0.9375 0) (size 0.975 1.4) (layers B.Cu B.Paste B.Mask) (roundrect_rratio 0.25)
      (net 138 "Net-(R10-Pad1)"))
    (pad 2 smd roundrect (at 0.9375 0) (size 0.975 1.4) (layers B.Cu B.Paste B.Mask) (roundrect_rratio 0.25)
      (net 20 +5V))
    (model ${KISYS3DMOD}/Resistor_SMD.3dshapes/R_0805_2012Metric.wrl
      (at (xyz 0 0 0))
      (scale (xyz 1 1 1))
      (rotate (xyz 0 0 0))
    )
  )

  (module Resistor_SMD:R_0805_2012Metric (layer B.Cu) (tedit 5B36C52B) (tstamp 60614C93)
    (at 109.22 72.39)
    (descr "Resistor SMD 0805 (2012 Metric), square (rectangular) end terminal, IPC_7351 nominal, (Body size source: https://docs.google.com/spreadsheets/d/1BsfQQcO9C6DZCsRaXUlFlo91Tg2WpOkGARC1WS5S8t0/edit?usp=sharing), generated with kicad-footprint-generator")
    (tags resistor)
    (path /60405689)
    (attr smd)
    (fp_text reference R12 (at 0 1.65) (layer B.SilkS)
      (effects (font (size 1 1) (thickness 0.15)) (justify mirror))
    )
    (fp_text value 3.3K (at 0 -1.65) (layer B.Fab)
      (effects (font (size 1 1) (thickness 0.15)) (justify mirror))
    )
    (fp_text user %R (at 0 0) (layer B.Fab)
      (effects (font (size 0.5 0.5) (thickness 0.08)) (justify mirror))
    )
    (fp_line (start 1.68 -0.95) (end -1.68 -0.95) (layer B.CrtYd) (width 0.05))
    (fp_line (start 1.68 0.95) (end 1.68 -0.95) (layer B.CrtYd) (width 0.05))
    (fp_line (start -1.68 0.95) (end 1.68 0.95) (layer B.CrtYd) (width 0.05))
    (fp_line (start -1.68 -0.95) (end -1.68 0.95) (layer B.CrtYd) (width 0.05))
    (fp_line (start -0.258578 -0.71) (end 0.258578 -0.71) (layer B.SilkS) (width 0.12))
    (fp_line (start -0.258578 0.71) (end 0.258578 0.71) (layer B.SilkS) (width 0.12))
    (fp_line (start 1 -0.6) (end -1 -0.6) (layer B.Fab) (width 0.1))
    (fp_line (start 1 0.6) (end 1 -0.6) (layer B.Fab) (width 0.1))
    (fp_line (start -1 0.6) (end 1 0.6) (layer B.Fab) (width 0.1))
    (fp_line (start -1 -0.6) (end -1 0.6) (layer B.Fab) (width 0.1))
    (pad 2 smd roundrect (at 0.9375 0) (size 0.975 1.4) (layers B.Cu B.Paste B.Mask) (roundrect_rratio 0.25)
      (net 3 GND))
    (pad 1 smd roundrect (at -0.9375 0) (size 0.975 1.4) (layers B.Cu B.Paste B.Mask) (roundrect_rratio 0.25)
      (net 139 "Net-(R12-Pad1)"))
    (model ${KISYS3DMOD}/Resistor_SMD.3dshapes/R_0805_2012Metric.wrl
      (at (xyz 0 0 0))
      (scale (xyz 1 1 1))
      (rotate (xyz 0 0 0))
    )
  )

  (module Resistor_SMD:R_0805_2012Metric (layer B.Cu) (tedit 5B36C52B) (tstamp 60614C82)
    (at 101.6 95.25 180)
    (descr "Resistor SMD 0805 (2012 Metric), square (rectangular) end terminal, IPC_7351 nominal, (Body size source: https://docs.google.com/spreadsheets/d/1BsfQQcO9C6DZCsRaXUlFlo91Tg2WpOkGARC1WS5S8t0/edit?usp=sharing), generated with kicad-footprint-generator")
    (tags resistor)
    (path /604115F8)
    (attr smd)
    (fp_text reference R13 (at 0 1.65 180) (layer B.SilkS)
      (effects (font (size 1 1) (thickness 0.15)) (justify mirror))
    )
    (fp_text value R6.8k (at 0 -1.65 180) (layer B.Fab)
      (effects (font (size 1 1) (thickness 0.15)) (justify mirror))
    )
    (fp_line (start -1 -0.6) (end -1 0.6) (layer B.Fab) (width 0.1))
    (fp_line (start -1 0.6) (end 1 0.6) (layer B.Fab) (width 0.1))
    (fp_line (start 1 0.6) (end 1 -0.6) (layer B.Fab) (width 0.1))
    (fp_line (start 1 -0.6) (end -1 -0.6) (layer B.Fab) (width 0.1))
    (fp_line (start -0.258578 0.71) (end 0.258578 0.71) (layer B.SilkS) (width 0.12))
    (fp_line (start -0.258578 -0.71) (end 0.258578 -0.71) (layer B.SilkS) (width 0.12))
    (fp_line (start -1.68 -0.95) (end -1.68 0.95) (layer B.CrtYd) (width 0.05))
    (fp_line (start -1.68 0.95) (end 1.68 0.95) (layer B.CrtYd) (width 0.05))
    (fp_line (start 1.68 0.95) (end 1.68 -0.95) (layer B.CrtYd) (width 0.05))
    (fp_line (start 1.68 -0.95) (end -1.68 -0.95) (layer B.CrtYd) (width 0.05))
    (fp_text user %R (at 0 0 180) (layer B.Fab)
      (effects (font (size 0.5 0.5) (thickness 0.08)) (justify mirror))
    )
    (pad 1 smd roundrect (at -0.9375 0 180) (size 0.975 1.4) (layers B.Cu B.Paste B.Mask) (roundrect_rratio 0.25)
      (net 139 "Net-(R12-Pad1)"))
    (pad 2 smd roundrect (at 0.9375 0 180) (size 0.975 1.4) (layers B.Cu B.Paste B.Mask) (roundrect_rratio 0.25)
      (net 1 +48V))
    (model ${KISYS3DMOD}/Resistor_SMD.3dshapes/R_0805_2012Metric.wrl
      (at (xyz 0 0 0))
      (scale (xyz 1 1 1))
      (rotate (xyz 0 0 0))
    )
  )

  (module Diode_THT:D_DO-41_SOD81_P10.16mm_Horizontal (layer F.Cu) (tedit 5AE50CD5) (tstamp 6032AA99)
    (at 86.36 87.63 90)
    (descr "Diode, DO-41_SOD81 series, Axial, Horizontal, pin pitch=10.16mm, , length*diameter=5.2*2.7mm^2, , http://www.diodes.com/_files/packages/DO-41%20(Plastic).pdf")
    (tags "Diode DO-41_SOD81 series Axial Horizontal pin pitch 10.16mm  length 5.2mm diameter 2.7mm")
    (path /602681D6)
    (fp_text reference D1 (at 5.08 -2.47 90) (layer F.SilkS)
      (effects (font (size 1 1) (thickness 0.15)))
    )
    (fp_text value 1N4002 (at 5.08 2.47 90) (layer F.Fab)
      (effects (font (size 1 1) (thickness 0.15)))
    )
    (fp_text user K (at 0 -2.1 90) (layer F.SilkS)
      (effects (font (size 1 1) (thickness 0.15)))
    )
    (fp_text user K (at 0 -2.1 90) (layer F.Fab)
      (effects (font (size 1 1) (thickness 0.15)))
    )
    (fp_text user %R (at 5.47 0 90) (layer F.Fab)
      (effects (font (size 1 1) (thickness 0.15)))
    )
    (fp_line (start 11.51 -1.6) (end -1.35 -1.6) (layer F.CrtYd) (width 0.05))
    (fp_line (start 11.51 1.6) (end 11.51 -1.6) (layer F.CrtYd) (width 0.05))
    (fp_line (start -1.35 1.6) (end 11.51 1.6) (layer F.CrtYd) (width 0.05))
    (fp_line (start -1.35 -1.6) (end -1.35 1.6) (layer F.CrtYd) (width 0.05))
    (fp_line (start 3.14 -1.47) (end 3.14 1.47) (layer F.SilkS) (width 0.12))
    (fp_line (start 3.38 -1.47) (end 3.38 1.47) (layer F.SilkS) (width 0.12))
    (fp_line (start 3.26 -1.47) (end 3.26 1.47) (layer F.SilkS) (width 0.12))
    (fp_line (start 8.82 0) (end 7.8 0) (layer F.SilkS) (width 0.12))
    (fp_line (start 1.34 0) (end 2.36 0) (layer F.SilkS) (width 0.12))
    (fp_line (start 7.8 -1.47) (end 2.36 -1.47) (layer F.SilkS) (width 0.12))
    (fp_line (start 7.8 1.47) (end 7.8 -1.47) (layer F.SilkS) (width 0.12))
    (fp_line (start 2.36 1.47) (end 7.8 1.47) (layer F.SilkS) (width 0.12))
    (fp_line (start 2.36 -1.47) (end 2.36 1.47) (layer F.SilkS) (width 0.12))
    (fp_line (start 3.16 -1.35) (end 3.16 1.35) (layer F.Fab) (width 0.1))
    (fp_line (start 3.36 -1.35) (end 3.36 1.35) (layer F.Fab) (width 0.1))
    (fp_line (start 3.26 -1.35) (end 3.26 1.35) (layer F.Fab) (width 0.1))
    (fp_line (start 10.16 0) (end 7.68 0) (layer F.Fab) (width 0.1))
    (fp_line (start 0 0) (end 2.48 0) (layer F.Fab) (width 0.1))
    (fp_line (start 7.68 -1.35) (end 2.48 -1.35) (layer F.Fab) (width 0.1))
    (fp_line (start 7.68 1.35) (end 7.68 -1.35) (layer F.Fab) (width 0.1))
    (fp_line (start 2.48 1.35) (end 7.68 1.35) (layer F.Fab) (width 0.1))
    (fp_line (start 2.48 -1.35) (end 2.48 1.35) (layer F.Fab) (width 0.1))
    (pad 2 thru_hole oval (at 10.16 0 90) (size 2.2 2.2) (drill 1.1) (layers *.Cu *.Mask)
      (net 136 "Net-(D1-Pad2)"))
    (pad 1 thru_hole rect (at 0 0 90) (size 2.2 2.2) (drill 1.1) (layers *.Cu *.Mask)
      (net 142 "Net-(D1-Pad1)"))
    (model ${KISYS3DMOD}/Diode_THT.3dshapes/D_DO-41_SOD81_P10.16mm_Horizontal.wrl
      (at (xyz 0 0 0))
      (scale (xyz 1 1 1))
      (rotate (xyz 0 0 0))
    )
  )

  (module Diode_THT:D_DO-41_SOD81_P10.16mm_Horizontal (layer F.Cu) (tedit 5AE50CD5) (tstamp 6032ACFD)
    (at 97.79 68.58 90)
    (descr "Diode, DO-41_SOD81 series, Axial, Horizontal, pin pitch=10.16mm, , length*diameter=5.2*2.7mm^2, , http://www.diodes.com/_files/packages/DO-41%20(Plastic).pdf")
    (tags "Diode DO-41_SOD81 series Axial Horizontal pin pitch 10.16mm  length 5.2mm diameter 2.7mm")
    (path /60267D7A)
    (fp_text reference D2 (at 5.08 -2.47 90) (layer F.SilkS)
      (effects (font (size 1 1) (thickness 0.15)))
    )
    (fp_text value 1N4001 (at 5.08 2.47 90) (layer F.Fab)
      (effects (font (size 1 1) (thickness 0.15)))
    )
    (fp_line (start 2.48 -1.35) (end 2.48 1.35) (layer F.Fab) (width 0.1))
    (fp_line (start 2.48 1.35) (end 7.68 1.35) (layer F.Fab) (width 0.1))
    (fp_line (start 7.68 1.35) (end 7.68 -1.35) (layer F.Fab) (width 0.1))
    (fp_line (start 7.68 -1.35) (end 2.48 -1.35) (layer F.Fab) (width 0.1))
    (fp_line (start 0 0) (end 2.48 0) (layer F.Fab) (width 0.1))
    (fp_line (start 10.16 0) (end 7.68 0) (layer F.Fab) (width 0.1))
    (fp_line (start 3.26 -1.35) (end 3.26 1.35) (layer F.Fab) (width 0.1))
    (fp_line (start 3.36 -1.35) (end 3.36 1.35) (layer F.Fab) (width 0.1))
    (fp_line (start 3.16 -1.35) (end 3.16 1.35) (layer F.Fab) (width 0.1))
    (fp_line (start 2.36 -1.47) (end 2.36 1.47) (layer F.SilkS) (width 0.12))
    (fp_line (start 2.36 1.47) (end 7.8 1.47) (layer F.SilkS) (width 0.12))
    (fp_line (start 7.8 1.47) (end 7.8 -1.47) (layer F.SilkS) (width 0.12))
    (fp_line (start 7.8 -1.47) (end 2.36 -1.47) (layer F.SilkS) (width 0.12))
    (fp_line (start 1.34 0) (end 2.36 0) (layer F.SilkS) (width 0.12))
    (fp_line (start 8.82 0) (end 7.8 0) (layer F.SilkS) (width 0.12))
    (fp_line (start 3.26 -1.47) (end 3.26 1.47) (layer F.SilkS) (width 0.12))
    (fp_line (start 3.38 -1.47) (end 3.38 1.47) (layer F.SilkS) (width 0.12))
    (fp_line (start 3.14 -1.47) (end 3.14 1.47) (layer F.SilkS) (width 0.12))
    (fp_line (start -1.35 -1.6) (end -1.35 1.6) (layer F.CrtYd) (width 0.05))
    (fp_line (start -1.35 1.6) (end 11.51 1.6) (layer F.CrtYd) (width 0.05))
    (fp_line (start 11.51 1.6) (end 11.51 -1.6) (layer F.CrtYd) (width 0.05))
    (fp_line (start 11.51 -1.6) (end -1.35 -1.6) (layer F.CrtYd) (width 0.05))
    (fp_text user %R (at 5.47 0 90) (layer F.Fab)
      (effects (font (size 1 1) (thickness 0.15)))
    )
    (fp_text user K (at 0 -2.1 90) (layer F.Fab)
      (effects (font (size 1 1) (thickness 0.15)))
    )
    (fp_text user K (at 0 -2.1 90) (layer F.SilkS)
      (effects (font (size 1 1) (thickness 0.15)))
    )
    (pad 1 thru_hole rect (at 0 0 90) (size 2.2 2.2) (drill 1.1) (layers *.Cu *.Mask)
      (net 135 "Net-(D2-Pad1)"))
    (pad 2 thru_hole oval (at 10.16 0 90) (size 2.2 2.2) (drill 1.1) (layers *.Cu *.Mask)
      (net 137 "Net-(D2-Pad2)"))
    (model ${KISYS3DMOD}/Diode_THT.3dshapes/D_DO-41_SOD81_P10.16mm_Horizontal.wrl
      (at (xyz 0 0 0))
      (scale (xyz 1 1 1))
      (rotate (xyz 0 0 0))
    )
  )

  (module Connector_Molex:Molex_KK-254_AE-6410-06A_1x06_P2.54mm_Vertical (layer F.Cu) (tedit 5B78013E) (tstamp 602C9075)
    (at 81.28 113.03)
    (descr "Molex KK-254 Interconnect System, old/engineering part number: AE-6410-06A example for new part number: 22-27-2061, 6 Pins (http://www.molex.com/pdm_docs/sd/022272021_sd.pdf), generated with kicad-footprint-generator")
    (tags "connector Molex KK-254 side entry")
    (path /601F67BE)
    (fp_text reference JM1 (at 6.35 -4.12) (layer F.SilkS)
      (effects (font (size 1 1) (thickness 0.15)))
    )
    (fp_text value "RockBLOCK Modem" (at 6.35 4.08) (layer F.Fab)
      (effects (font (size 1 1) (thickness 0.15)))
    )
    (fp_text user %R (at 6.35 -2.22) (layer F.Fab)
      (effects (font (size 1 1) (thickness 0.15)))
    )
    (fp_line (start 14.47 -3.42) (end -1.77 -3.42) (layer F.CrtYd) (width 0.05))
    (fp_line (start 14.47 3.38) (end 14.47 -3.42) (layer F.CrtYd) (width 0.05))
    (fp_line (start -1.77 3.38) (end 14.47 3.38) (layer F.CrtYd) (width 0.05))
    (fp_line (start -1.77 -3.42) (end -1.77 3.38) (layer F.CrtYd) (width 0.05))
    (fp_line (start 13.5 -2.43) (end 13.5 -3.03) (layer F.SilkS) (width 0.12))
    (fp_line (start 11.9 -2.43) (end 13.5 -2.43) (layer F.SilkS) (width 0.12))
    (fp_line (start 11.9 -3.03) (end 11.9 -2.43) (layer F.SilkS) (width 0.12))
    (fp_line (start 10.96 -2.43) (end 10.96 -3.03) (layer F.SilkS) (width 0.12))
    (fp_line (start 9.36 -2.43) (end 10.96 -2.43) (layer F.SilkS) (width 0.12))
    (fp_line (start 9.36 -3.03) (end 9.36 -2.43) (layer F.SilkS) (width 0.12))
    (fp_line (start 8.42 -2.43) (end 8.42 -3.03) (layer F.SilkS) (width 0.12))
    (fp_line (start 6.82 -2.43) (end 8.42 -2.43) (layer F.SilkS) (width 0.12))
    (fp_line (start 6.82 -3.03) (end 6.82 -2.43) (layer F.SilkS) (width 0.12))
    (fp_line (start 5.88 -2.43) (end 5.88 -3.03) (layer F.SilkS) (width 0.12))
